radio_frequency,B_field,capture_rad,ang_class,dist_from_obs_ly,star1_redshift,luminosity,star2_redshift,ext_temp,b_class,target
28.74470619,3.59E-09,19.59249562,alpha,,23.99494965,,34.93989978,25.51154251,3,Alpha Boreas
44.16633131,4.51E-09,43.00467433,alpha,28.39713388,28.94304226,4230.266381,28.18109725,26.04787965,2,Alpha Boreas
30.83489655,4.41E-09,33.42996973,alpha,,37.99918079,6237.993588,29.57762791,30.74824414,2,Beta Eioneous
17.47982654,3.54E-09,12.97614978,alpha,41.98677339,17.68320433,,40.62301756,29.48846859,3,Zeta Draconis
30.26845156,3.80E-09,26.45823201,alpha,11.54862783,21.4986492,6237.993588,25.97643946,27.16916868,2,Zeta Draconis
45.75817171,4.79E-09,33.06914054,alpha,35.70314176,36.08285869,2774.746406,20.98301989,16.98938748,2,Beta Eioneous
44.16633131,3.31E-09,9.7965166,alpha,28.95575545,12.13127483,2337.382377,19.18556848,33.61204563,2,Zeta Draconis
36.05088135,3.97E-09,30.85781768,alpha,19.67417927,30.44504735,4683.183157,27.9999558,33.49245168,1,Gamma Saggita
28.52324877,2.62E-09,41.52226465,alpha,33.06675412,41.94255153,4581.006438,19.18556848,16.06637996,,Alpha Hemithea
29.49168615,3.81E-09,28.9774153,alpha,26.1424046,34.82474922,3212.742272,30.58491331,23.54791984,2,Alpha Boreas
44.16633131,3.27E-09,14.57552027,alpha,14.94856533,20.03236889,6237.993588,29.08282992,29.088552,3,Zeta Draconis
31.6399027,3.94E-09,,alpha,15.43980377,27.95981144,2818.571131,32.89673153,17.63298175,3,Alpha Boreas
20.99127763,2.17E-09,,alpha,35.71846384,20.26642926,5348.445509,40.89521476,25.01022679,2,Alpha Hemithea
29.77651378,,20.50114318,alpha,28.51384587,35.19975104,5136.73715,26.58486106,30.05243003,3,Gamma Saggita
24.87789449,,20.55856954,alpha,23.09608797,30.83877897,3918.94883,33.08553725,28.59123327,2,Alpha Boreas
40.98476879,4.22E-09,20.98208619,alpha,40.016547,40.50414122,2861.43732,26.79922908,30.41111362,3,Beta Eioneous
22.41442496,3.35E-09,42.5838475,alpha,40.84820565,23.39675571,6022.284886,35.56529588,33.49245168,,Alpha Hemithea
27.94844303,3.98E-09,43.00467433,alpha,37.95665489,46.9168266,3909.126818,14.89532284,25.70980699,2,Beta Eioneous
45.59253128,4.46E-09,18.43488623,alpha,25.2087802,22.36673865,5944.229969,26.76046265,18.45363656,3,Gamma Saggita
22.88874843,4.29E-09,43.00467433,alpha,25.42146331,23.03343539,1911.438647,40.62301756,27.84807473,3,Zeta Draconis
24.21517591,2.28E-09,34.542336,,27.78391539,27.07287421,5578.704298,,24.89769851,3,Alpha Hemithea
20.18131579,4.83E-09,19.36622726,alpha,41.98677339,20.03236889,5056.985283,29.13873027,24.46252323,3,Alpha Boreas
39.58919177,3.46E-09,23.39598685,alpha,28.28655578,31.13739802,,19.18556848,,2,Gamma Saggita
40.10966941,3.55E-09,25.04862164,alpha,37.26823542,20.03236889,6237.993588,22.55707405,19.66048016,3,Beta Eioneous
27.63914288,2.96E-09,13.27331993,alpha,13.04505726,20.03236889,3376.911818,19.18556848,25.91047447,3,Alpha Boreas
23.34489253,3.96E-09,17.47442836,alpha,20.01206363,18.5587912,3215.304533,21.66594771,28.08142844,3,Zeta Draconis
44.16633131,2.45E-09,36.2082055,alpha,15.69446447,28.07531489,2703.734843,32.42920687,16.26585423,,Alpha Boreas
41.19687791,3.83E-09,43.00467433,,20.10889051,34.13115242,5277.960833,,31.58021566,2,Gamma Saggita
44.16633131,3.48E-09,17.73676274,alpha,23.61564014,27.21142739,5116.249873,,23.12853047,2,Zeta Draconis
21.11282835,4.45E-09,34.871584,alpha,33.02040032,18.25416572,4728.234049,19.18556848,24.63412177,3,Alpha Hemithea
20.18131579,3.39E-09,18.36028019,alpha,13.339561,34.24651869,4161.507787,20.1696266,27.38145824,3,Alpha Boreas
30.54156929,4.45E-09,43.93965151,alpha,33.37630787,,5400.058919,30.84578028,16.51972049,3,Alpha Hemithea
32.08349615,2.92E-09,20.70927257,alpha,30.30299781,28.02234254,3798.151046,17.100284,16.51972049,3,Zeta Draconis
44.16633131,4.45E-09,32.42017451,alpha,17.35671926,35.83555379,3976.936258,41.41724432,34.323271,2,Alpha Boreas
37.84972519,4.82E-09,32.36180472,alpha,34.04564238,35.67485568,6237.993588,21.58864641,33.49245168,2,Beta Eioneous
24.36517313,2.47E-09,41.49586171,alpha,29.41995718,31.44027449,3200.700391,27.65227161,16.51972049,2,Alpha Hemithea
22.053243,3.52E-09,,,35.63590325,41.94255153,,41.70765107,7.734227029,2,Alpha Hemithea
29.78352367,3.47E-09,28.16196674,alpha,41.98677339,21.88371681,6237.993588,,34.87521853,,Zeta Draconis
32.06798627,3.94E-09,25.76399166,alpha,39.3580136,35.65731044,3009.888967,13.62250314,,2,Beta Eioneous
31.77499648,3.84E-09,43.00467433,,29.15025533,42.16793998,4763.994524,39.08974217,23.92006874,,Alpha Boreas
39.67134506,4.02E-09,24.23500753,,29.9674318,32.36832205,3041.655498,11.05716244,25.34812855,3,Beta Eioneous
,4.45E-09,24.38118886,alpha,18.83394431,32.23000396,6051.686912,22.74473516,31.40573464,3,Gamma Saggita
44.16633131,2.91E-09,37.39217666,alpha,30.01877282,28.66364585,4702.336059,,28.58454389,3,Alpha Hemithea
24.96605324,2.79E-09,56.08636638,alpha,40.8983172,41.94255153,5291.081065,33.66896255,23.53459234,3,Alpha Hemithea
44.16633131,,20.56795236,alpha,17.15223368,31.7694153,4151.947887,16.83497326,18.55322475,2,Beta Eioneous
27.70692605,4.45E-09,23.69434783,alpha,19.2191448,38.33395439,2919.028464,19.18556848,17.44504781,3,Alpha Boreas
17.58003207,2.96E-09,36.85494389,alpha,36.84304006,29.22618534,4723.557403,30.44549017,27.87259889,3,Alpha Hemithea
15.03290645,2.02E-09,44.54079361,alpha,17.54151194,35.54558221,2818.571131,36.91472414,23.8521558,2,Alpha Hemithea
46.02014456,3.78E-09,28.99750801,alpha,38.38838485,,2141.311291,31.05320528,24.34624121,2,Beta Eioneous
44.16633131,2.32E-09,46.32752984,,37.01242632,22.5938145,6056.955492,39.70662332,33.49245168,3,Alpha Hemithea
44.16633131,2.73E-09,41.20524495,alpha,27.11261951,13.19278748,,34.60859804,22.35196731,3,Alpha Hemithea
18.10650946,2.77E-09,43.00467433,alpha,15.33418982,31.85903168,3446.220572,33.77962802,18.75029165,2,Alpha Boreas
40.09955562,4.01E-09,27.93702287,alpha,19.67174416,30.96265282,2818.571131,30.26133377,24.19729918,,Gamma Saggita
,3.39E-09,32.43330634,alpha,20.48653144,24.02809726,7046.821915,36.77209951,29.86179209,2,Gamma Saggita
45.45692012,2.48E-09,30.58787309,alpha,27.25553959,35.00584285,5459.883686,30.35073263,32.77497033,3,Gamma Saggita
47.03773862,3.55E-09,26.37381464,alpha,33.63666021,20.03236889,5890.454419,25.5541228,33.49245168,2,Gamma Saggita
36.24121267,4.43E-09,31.42059726,alpha,17.15223368,39.23187422,4069.684605,40.62301756,28.95758886,1,Beta Eioneous
20.18131579,2.67E-09,21.17881211,alpha,17.34773134,27.61694984,,19.32901797,30.95221737,3,Gamma Saggita
30.11065262,3.58E-09,16.0615454,alpha,24.49768578,28.71889532,3016.835716,26.29194028,16.51972049,2,Zeta Draconis
27.87335797,4.25E-09,18.63762158,alpha,,37.79205128,3005.401196,40.62301756,16.51972049,3,Beta Eioneous
44.16633131,2.53E-09,25.4484817,alpha,20.26909414,44.93373243,3372.56464,30.7397009,16.70247797,2,Alpha Boreas
42.72821107,4.45E-09,43.00467433,alpha,41.98677339,36.92626131,5811.442008,28.68374237,19.88052204,1,Gamma Saggita
22.22261198,3.78E-09,43.00467433,alpha,9.898297976,31.22161779,6237.993588,19.18556848,23.21609188,2,Alpha Boreas
44.16633131,3.58E-09,46.26633603,alpha,29.0671603,21.73643704,5014.853133,19.18556848,24.53772126,3,Alpha Hemithea
12.49085091,2.36E-09,43.87929364,alpha,36.01804454,19.97579681,3875.120399,39.84006607,19.90544305,,Alpha Hemithea
31.56986458,3.77E-09,25.9799705,,41.98677339,,6237.993588,40.62301756,25.23977767,2,Alpha Boreas
24.38952746,3.33E-09,38.27535862,alpha,33.0696412,37.52531236,5040.314862,41.20451062,22.4157077,2,Alpha Hemithea
21.78594845,2.69E-09,40.60089683,alpha,34.14078614,28.4589824,5136.611698,,24.13330757,2,Alpha Hemithea
19.02914238,4.45E-09,19.70487191,alpha,41.98677339,22.45292164,2961.110494,26.72418065,31.83874054,3,Zeta Draconis
40.57220627,3.32E-09,18.50739587,alpha,33.93526665,28.45151527,3049.928595,19.18556848,23.52661568,3,Beta Eioneous
44.16633131,3.24E-09,25.66258264,alpha,17.71187126,34.2828672,,26.75423045,15.75212112,2,Alpha Boreas
28.0312249,3.52E-09,23.27182418,alpha,41.98677339,,3941.357395,34.75715094,27.52491433,3,Zeta Draconis
23.91991237,2.79E-09,,alpha,30.31103521,22.40368011,6237.993588,30.402946,19.87607628,,Zeta Draconis
20.54746913,3.02E-09,25.76232035,alpha,26.13004758,26.94753512,2818.571131,40.62301756,24.41837419,3,Zeta Draconis
,,15.53569363,alpha,28.07960472,29.96830474,5501.249873,40.62301756,23.8091524,2,Gamma Saggita
20.18131579,2.90E-09,14.43052275,alpha,24.06846956,32.06912058,3381.558021,16.9491086,22.51604243,3,Alpha Boreas
34.14646917,4.08E-09,28.60936062,alpha,37.90981904,,3139.494913,14.17470726,24.26813857,2,Beta Eioneous
24.77882235,4.20E-09,24.13963571,alpha,41.98677339,35.09873942,6237.993588,34.32215374,,3,Alpha Boreas
31.33108295,4.45E-09,,alpha,23.3154309,,4031.377186,27.9693751,27.59288485,2,Alpha Boreas
29.72318478,4.45E-09,20.2801594,alpha,24.50759979,36.39482551,4573.985155,19.18556848,18.61543412,1,Alpha Boreas
42.14133381,4.12E-09,15.19060101,alpha,19.2404136,29.99861878,5055.263062,23.04123212,,2,Gamma Saggita
44.16633131,3.57E-09,24.64373857,alpha,20.81020184,29.10516644,6237.993588,26.28535122,24.05587536,3,Zeta Draconis
32.05023302,3.34E-09,26.28131811,alpha,41.98677339,29.29350388,6292.1615,27.1193494,,2,Gamma Saggita
44.16633131,4.28E-09,23.9926429,alpha,20.6954747,32.23619774,3068.207249,40.93475177,18.71442503,2,Alpha Boreas
20.18131579,2.66E-09,20.64973165,alpha,16.70756925,28.31650718,4373.012085,29.19360864,24.86290436,2,Alpha Boreas
44.16633131,4.45E-09,20.90813294,alpha,32.89614149,22.55120841,4070.048986,20.57567804,19.18156156,3,Zeta Draconis
44.16633131,3.97E-09,17.6743454,alpha,16.62042357,41.94255153,4023.81672,28.57122252,33.49245168,2,Alpha Boreas
28.15635181,3.50E-09,19.24976587,alpha,20.74411648,22.77445,6237.993588,30.53882733,35.41477331,3,Zeta Draconis
30.65531658,3.02E-09,34.51443424,alpha,30.45728356,19.20642612,5709.402107,45.81177668,28.25179193,2,Alpha Hemithea
22.94770819,4.02E-09,24.79184372,alpha,19.76368311,29.44411823,3943.92325,36.47732311,18.88222639,2,Alpha Boreas
19.51919236,2.86E-09,39.68039622,alpha,30.5442805,41.94255153,2818.571131,39.76877378,23.95951986,2,Alpha Hemithea
31.94855947,4.18E-09,28.97266119,alpha,44.51636809,20.03236889,3408.171854,,33.49245168,2,Beta Eioneous
44.16633131,2.88E-09,34.4508978,alpha,32.93536428,21.00521934,2997.657743,,18.95981516,3,Alpha Hemithea
30.69811143,4.10E-09,,alpha,30.58135713,41.94255153,4749.66524,22.88982958,29.43661787,3,Zeta Draconis
30.50595526,3.51E-09,43.00467433,alpha,17.90349883,21.48392618,4202.653248,33.45651476,24.10243299,1,Gamma Saggita
43.08487483,,,alpha,38.62630374,35.0375339,3260.337433,26.21699884,33.49245168,2,Beta Eioneous
39.64785947,4.06E-09,33.93945893,alpha,14.45713105,27.21220242,5429.991232,34.1189522,33.49245168,2,Gamma Saggita
30.24982401,4.58E-09,,alpha,30.17245516,34.60372495,2954.953221,25.43461467,23.39776519,3,Beta Eioneous
28.22089452,4.45E-09,10.56907801,alpha,16.36824407,34.03852278,6237.993588,30.75601231,33.49245168,2,Alpha Boreas
22.56988271,2.71E-09,17.47442836,alpha,17.15223368,29.1154478,5868.304543,35.71059473,15.57475016,1,Alpha Hemithea
44.16633131,3.87E-09,24.6017224,alpha,24.05514468,34.50062669,6237.993588,29.18871031,33.54438327,2,Alpha Boreas
14.95520892,,45.84366471,alpha,38.20743287,41.94255153,6589.778594,37.38040598,10.07040537,3,Alpha Hemithea
44.16633131,2.93E-09,37.70433072,alpha,39.57880627,31.23430732,5823.678784,41.84659293,18.68047177,3,Alpha Hemithea
38.49957811,4.57E-09,,alpha,52.65887552,41.33129379,2462.71612,20.16476318,24.94158038,,Beta Eioneous
17.01888492,2.42E-09,37.8373274,alpha,39.71035812,41.94255153,4624.640245,36.36187872,14.29608588,3,Alpha Hemithea
17.93165983,4.45E-09,,alpha,33.17758913,29.07179222,5265.763911,34.45471256,16.85783328,3,Alpha Hemithea
44.55992485,3.66E-09,18.71980212,alpha,15.96426021,26.89991532,6277.333285,30.10843657,,3,Gamma Saggita
20.18131579,2.87E-09,20.58198762,alpha,41.98677339,34.05828772,6237.993588,38.16754574,25.85329653,3,Alpha Boreas
33.18054829,3.86E-09,24.91034731,alpha,36.2380143,41.35826225,3265.186844,19.65733477,19.68020685,2,Beta Eioneous
44.11313412,4.20E-09,43.00467433,alpha,33.97177376,20.03236889,4144.076522,19.39941559,33.49245168,2,Beta Eioneous
44.48998526,4.01E-09,30.61359465,alpha,43.59771609,39.88247354,2075.183038,40.62301756,17.42073908,2,Beta Eioneous
32.39925393,3.83E-09,26.52520404,alpha,46.9450331,44.02291979,4323.88587,18.07546392,23.13621052,2,Beta Eioneous
18.89342387,4.45E-09,15.52600927,alpha,16.23628428,31.40400462,6237.993588,25.33253759,23.05421261,2,Alpha Boreas
41.43685419,4.58E-09,31.20697557,alpha,39.61388987,42.65717194,1917.907538,,16.51972049,2,Beta Eioneous
,3.24E-09,28.12034539,alpha,13.52337321,31.54069762,6237.993588,21.19174305,31.20989595,2,Alpha Boreas
30.47047332,2.73E-09,25.24927428,alpha,23.19190341,35.9123401,3821.092442,28.95364379,22.70789875,3,Alpha Boreas
44.16633131,3.34E-09,40.75849857,alpha,35.26284996,26.85731087,4373.293472,36.14333211,18.37244976,2,Alpha Hemithea
44.16633131,3.49E-09,13.91816283,alpha,18.73953833,28.24605488,3828.881778,40.62301756,25.34308377,2,Zeta Draconis
,2.57E-09,40.95378113,alpha,29.59011251,27.90335304,5747.181411,48.46716995,11.4595774,3,Alpha Hemithea
28.28176902,,26.901687,alpha,19.70266268,14.60181415,,21.47971,25.24018658,3,Zeta Draconis
32.9173208,3.89E-09,18.33731718,alpha,18.01047529,23.08404124,3882.127183,33.29396342,35.54251971,,Zeta Draconis
23.17759128,2.42E-09,40.53634693,alpha,39.3492432,28.78520815,,32.45175113,23.96743111,2,Alpha Hemithea
20.18131579,4.29E-09,,,17.15223368,,3388.12744,27.36510585,33.49245168,2,Beta Eioneous
28.24184067,2.63E-09,11.35626576,alpha,15.42956054,23.36374467,2695.091398,40.62301756,24.89591766,3,Zeta Draconis
22.0843872,2.86E-09,25.47594628,alpha,41.98677339,11.48253144,3905.597632,32.64536819,31.03730656,3,Zeta Draconis
39.11358113,4.27E-09,20.73006507,alpha,17.15223368,41.34981072,3816.36552,18.24199034,24.44697026,,Beta Eioneous
28.93621728,4.45E-09,31.4322837,alpha,18.95291246,,4536.607497,30.56231667,18.69472407,2,Alpha Boreas
21.78906908,3.00E-09,34.77101676,alpha,30.18134104,31.49109439,5338.960943,42.11498724,,3,Alpha Hemithea
42.03256075,2.28E-09,17.47442836,alpha,36.56558239,34.75189197,4662.64599,28.56385514,15.37121837,3,Beta Eioneous
20.18131579,3.64E-09,24.0565274,alpha,28.96266459,28.90318364,7249.320426,21.3835504,11.65318359,3,Gamma Saggita
28.40884733,4.00E-09,26.66878605,,18.31493891,30.79077577,6233.136214,32.97552769,15.59748277,2,Gamma Saggita
,4.45E-09,28.87673635,alpha,27.36173708,30.50047544,4101.252807,26.64058777,23.41260738,,Alpha Boreas
43.36019686,4.74E-09,43.00467433,alpha,37.65001402,48.60833152,,40.62301756,23.97488646,3,Beta Eioneous
27.88561641,2.49E-09,43.00467433,alpha,20.48969594,41.94255153,2408.390806,19.18556848,29.09651689,3,Zeta Draconis
22.52229753,3.24E-09,26.78238635,alpha,,20.36369422,4346.296766,40.62301756,25.42843939,2,Zeta Draconis
37.01133727,3.80E-09,26.49464486,alpha,23.11224488,21.81213049,5676.233307,22.22662011,24.99398294,2,Gamma Saggita
32.97312523,3.28E-09,33.71184551,alpha,41.98677339,39.98468043,6473.987846,34.13728717,25.77567434,2,Gamma Saggita
50.27668949,3.60E-09,,alpha,33.02450105,40.38566773,2709.384231,21.4363996,30.82061997,2,Beta Eioneous
44.16633131,4.45E-09,17.47442836,alpha,20.53933232,23.59760769,6237.993588,40.62301756,,,Zeta Draconis
44.65514371,4.12E-09,24.94057297,alpha,47.7754278,34.46317522,3844.336904,19.59380055,27.64978263,3,Beta Eioneous
,3.48E-09,31.87380511,alpha,36.84560225,49.56094784,2531.828286,23.03701862,33.49245168,,Beta Eioneous
38.563461,3.56E-09,30.78041698,alpha,34.52029621,33.77480728,2908.525524,13.93456905,32.00068002,3,Beta Eioneous
32.80953439,4.36E-09,43.00467433,alpha,25.76818319,17.96683295,4284.998207,,,2,Zeta Draconis
31.17435975,3.43E-09,26.52569279,alpha,28.68773443,41.94255153,4607.233869,30.94259751,22.75608207,3,Alpha Boreas
30.4824443,3.24E-09,17.47442836,alpha,14.76770078,36.07333727,5554.651602,33.26074598,16.51972049,3,Alpha Boreas
44.16633131,4.15E-09,15.27019099,alpha,25.6190435,41.94255153,3060.359413,32.88999463,22.27047967,3,Zeta Draconis
18.9911374,3.87E-09,43.00467433,alpha,41.98677339,23.56837586,6237.993588,20.23719807,28.24374517,3,Zeta Draconis
23.35534112,,27.2594338,alpha,12.74911169,12.13382599,1645.371142,16.34039493,25.87715367,2,Zeta Draconis
29.69018656,,32.18423617,alpha,41.98677339,20.03236889,6237.993588,34.01739578,24.62992367,2,Alpha Boreas
31.34784261,3.95E-09,18.46171384,alpha,20.23835703,19.32545082,4977.420226,28.49852069,22.26872557,3,Gamma Saggita
44.99771957,2.84E-09,15.54790335,alpha,28.59595312,39.99557867,5143.313892,20.5184199,30.6077187,2,Gamma Saggita
,2.81E-09,16.15536937,alpha,28.94541457,15.487404,4252.117285,26.45239357,23.77812408,2,Zeta Draconis
29.24976064,3.79E-09,17.47442836,alpha,45.24791789,34.07901962,3927.294243,34.14911161,16.46578549,2,Alpha Hemithea
24.16019269,3.49E-09,43.00467433,alpha,25.95029737,23.41893156,6237.993588,16.7485156,33.34081445,2,Zeta Draconis
39.65602402,,19.23247765,alpha,17.15223368,41.14914927,2022.367019,14.59224097,33.49245168,2,Beta Eioneous
35.84181406,4.34E-09,17.47442836,alpha,43.25946121,42.93974454,4323.238437,16.26941336,19.58743287,3,Beta Eioneous
18.64246021,2.63E-09,23.84802416,alpha,17.15223368,27.81042877,4479.138111,26.27510891,16.51972049,2,Alpha Boreas
44.16633131,2.81E-09,26.49514561,alpha,18.14405374,17.43166324,3836.860405,28.18008858,27.21138391,3,Zeta Draconis
19.16094489,3.61E-09,11.1206708,alpha,27.92847076,23.50524222,2862.879373,26.8362624,33.49245168,,Zeta Draconis
,2.20E-09,35.7213234,alpha,30.21399313,26.61308291,4624.804468,36.75146498,16.68859771,3,Alpha Hemithea
32.01986564,2.97E-09,35.56135068,,24.22875379,31.62384495,2588.434429,,16.29774041,3,Alpha Boreas
41.1937327,2.67E-09,19.27034848,alpha,33.1177053,30.38709578,3225.85736,25.44515501,22.18190801,2,Beta Eioneous
20.18131579,3.51E-09,17.47442836,alpha,17.49894946,27.51483919,3421.201911,40.62301756,29.33235624,3,Zeta Draconis
32.5531691,3.51E-09,18.9740984,,16.83201694,37.06022658,5088.713658,30.17651107,23.79149367,2,Alpha Boreas
33.26358761,2.65E-09,19.75996582,alpha,41.98677339,41.94255153,3387.176018,20.09187442,29.23948587,3,Zeta Draconis
27.65806651,2.67E-09,20.52518945,alpha,13.45794881,,4265.802581,25.68290731,,3,Zeta Draconis
44.16633131,2.48E-09,39.6628624,alpha,45.18389579,23.69528852,5990.316161,39.51397216,22.58039009,3,Alpha Hemithea
30.47004098,3.47E-09,25.51347116,alpha,28.47820161,18.33216988,4020.884652,25.29019344,32.00706513,3,Zeta Draconis
20.18131579,4.49E-09,25.92847663,alpha,35.51721122,41.41925443,3438.537482,14.57806089,,2,Beta Eioneous
,2.67E-09,,alpha,29.65129,27.89276709,4108.299012,36.41064951,21.99573682,3,Alpha Hemithea
20.18131579,3.60E-09,38.06614658,alpha,33.46382561,23.75575295,4562.145398,40.99832301,33.49245168,3,Alpha Hemithea
43.31937488,3.85E-09,30.79966772,alpha,33.93329136,43.65354698,3848.1044,40.62301756,19.1030156,2,Beta Eioneous
32.34203105,4.21E-09,26.71968947,alpha,35.36667086,40.22434869,6237.993588,16.68616295,17.10267811,3,Beta Eioneous
33.65880913,3.56E-09,24.00654206,alpha,15.213574,,2609.139866,25.46565324,23.61280614,3,Zeta Draconis
24.3523365,4.45E-09,43.00467433,alpha,41.98677339,28.33863112,4120.794393,40.62301756,22.19536924,3,Alpha Boreas
44.70377398,4.45E-09,25.44245327,alpha,17.15223368,26.93593229,5638.48747,26.81736494,26.2356138,3,Gamma Saggita
33.50100592,4.66E-09,26.96051593,alpha,30.31831969,28.47266141,5172.14894,19.18556848,22.72437053,3,Gamma Saggita
20.18131579,4.00E-09,20.37354091,alpha,41.98677339,23.88057052,4342.011201,40.62301756,28.33395929,3,Zeta Draconis
,4.77E-09,30.75199938,alpha,29.35115779,20.03236889,2818.571131,20.43737161,25.75424886,2,Gamma Saggita
44.16633131,3.49E-09,14.44319704,alpha,17.15223368,27.62898993,4141.048949,36.03530847,30.03332567,3,Zeta Draconis
28.16048919,,23.36538624,alpha,27.96355122,23.61460798,3939.428834,40.62301756,23.04648448,3,Zeta Draconis
21.21877172,4.09E-09,16.49404484,alpha,17.99029553,17.0974526,2514.652144,27.99287933,33.49245168,3,Zeta Draconis
28.92823604,3.45E-09,26.97622975,alpha,19.11384946,29.87293488,5918.423183,,11.64218471,3,Gamma Saggita
44.16633131,2.98E-09,,alpha,30.61989801,,4983.405906,37.9824388,24.79298935,3,Alpha Hemithea
19.76525627,2.91E-09,40.20440558,alpha,40.32827835,21.2598484,4751.928207,42.28269262,18.91442545,2,Alpha Hemithea
30.06414651,4.45E-09,24.82138439,alpha,29.60234383,39.20236042,2835.912948,22.40970739,16.36695099,,Beta Eioneous
,2.57E-09,38.57761773,alpha,37.94367644,29.28168773,6417.849555,33.47802542,28.30233721,2,Alpha Hemithea
20.18131579,4.45E-09,43.00467433,alpha,23.5318285,27.64759423,5410.667729,20.84556507,23.8869965,2,Gamma Saggita
,4.45E-09,39.4744371,alpha,17.15223368,41.94255153,4714.076971,44.44410054,31.94293257,2,Alpha Hemithea
39.51000234,3.65E-09,17.47442836,alpha,,31.11018409,6047.645889,40.62301756,16.56785678,,Gamma Saggita
20.18131579,3.48E-09,26.62745779,alpha,11.28598629,45.17395648,2818.571131,21.7048863,33.03581889,2,Alpha Boreas
41.88748826,2.87E-09,23.26254746,alpha,18.85972968,21.60444974,5786.891576,32.91718513,25.70916569,2,Gamma Saggita
17.17617041,3.25E-09,16.47899617,alpha,23.88287118,39.18474691,5076.275953,21.76917095,,2,Alpha Boreas
29.35024333,2.18E-09,42.35860912,alpha,17.15223368,20.03236889,2818.571131,48.12419744,14.73408957,2,Alpha Hemithea
28.50168169,3.61E-09,,alpha,41.98677339,31.32059719,5324.328442,19.2529608,,,Zeta Draconis
30.37643597,,36.13477114,alpha,43.20696772,36.62197077,3361.009536,14.05842133,22.73883779,2,Beta Eioneous
24.0988347,3.43E-09,37.04733095,alpha,38.08734826,34.97797056,5064.970829,32.76710216,14.16559389,2,Alpha Hemithea
17.40448312,2.90E-09,45.37261169,alpha,44.08310672,34.18527486,5691.394281,36.72919252,33.49245168,3,Alpha Hemithea
16.64248507,2.66E-09,41.59873062,alpha,30.00113885,21.47254334,4573.145523,32.79590387,33.49245168,3,Alpha Hemithea
47.83431644,3.89E-09,34.55376112,alpha,24.85342897,28.30804638,5922.500075,21.61555258,27.82524516,3,Gamma Saggita
39.65299366,3.76E-09,25.89085878,alpha,37.17731284,42.52882738,3240.295698,30.5843887,14.48719279,2,Beta Eioneous
20.18131579,3.26E-09,17.47442836,alpha,38.02830567,39.72229229,3384.194622,21.7762749,18.4847297,1,Beta Eioneous
12.42375809,2.50E-09,34.82110185,alpha,34.22155004,34.09116936,4000.805481,35.73895191,18.86064416,3,Alpha Hemithea
38.55764012,4.45E-09,43.00467433,alpha,17.15223368,,4567.213454,29.03476451,24.55850964,3,Gamma Saggita
33.75178597,3.96E-09,32.23763811,alpha,39.37739111,40.40816539,2538.446093,26.61739147,19.49084293,2,Beta Eioneous
40.77886942,4.23E-09,17.47442836,alpha,17.15223368,43.13094549,989.8139295,40.62301756,31.46253927,3,Beta Eioneous
28.51008409,3.57E-09,18.82572565,alpha,,22.92607026,,19.18556848,33.49245168,2,Zeta Draconis
29.18978637,2.86E-09,23.46911862,alpha,18.89088183,41.94255153,6237.993588,32.4470918,35.14973413,3,Zeta Draconis
46.5925288,2.67E-09,38.56724225,alpha,41.98677339,42.11746645,6169.965861,19.18556848,37.08508972,3,Gamma Saggita
23.35551496,3.48E-09,18.67536377,alpha,17.83902416,,6237.993588,36.7828584,22.92023835,2,Alpha Boreas
21.22116615,2.25E-09,43.35315561,alpha,42.06297137,23.34570022,5439.564589,46.28042648,33.49245168,2,Alpha Hemithea
38.56946078,3.39E-09,34.46990531,alpha,36.83639058,43.38122468,,40.62301756,23.00857952,2,Beta Eioneous
37.40167983,4.17E-09,17.47442836,alpha,43.15431302,40.42194577,4296.282834,25.8968701,16.22571602,1,Beta Eioneous
40.4987459,4.10E-09,25.79745112,alpha,,20.03236889,5418.338598,28.88573502,30.08915452,2,Gamma Saggita
38.59147889,2.39E-09,28.11336405,alpha,19.02024382,26.65449237,6464.575249,19.4928998,28.85503333,2,Gamma Saggita
20.18131579,3.23E-09,23.55828802,alpha,41.98677339,,4508.60892,28.06707893,23.71112864,2,Gamma Saggita
23.72184246,3.85E-09,28.43957767,alpha,15.75819831,34.23674884,4306.872261,33.95347719,25.74709586,2,Alpha Boreas
28.4223939,,43.00467433,alpha,17.12704495,46.47938851,3919.8711,,23.1648919,2,Alpha Boreas
28.61692686,3.64E-09,,alpha,26.43229615,18.1705196,6237.993588,20.53790544,22.25078037,2,Zeta Draconis
28.56677958,3.51E-09,16.77806523,alpha,23.90821143,,2818.571131,26.4106764,25.59901084,2,Alpha Boreas
30.1754612,4.27E-09,13.18596243,alpha,24.97821666,35.73203686,3035.897703,29.68146674,37.28045739,2,Zeta Draconis
23.92189686,1.99E-09,39.41514572,alpha,29.54304802,41.94255153,5371.63209,35.18799564,12.43638357,3,Alpha Hemithea
17.60258975,3.88E-09,20.00910125,alpha,24.76716489,31.19349034,4435.909397,30.19685048,16.68454291,2,Alpha Boreas
28.59267524,3.44E-09,27.03252869,,27.93109212,26.87810004,3970.375706,40.62301756,31.03536029,3,Zeta Draconis
23.95087435,3.29E-09,24.40488279,,26.72618179,27.13014301,4364.119599,26.47827621,28.0544865,,Alpha Boreas
32.78499089,,,alpha,20.30732639,29.12205297,6743.123115,20.29373718,33.49245168,3,Gamma Saggita
44.16633131,4.45E-09,41.47179785,alpha,36.09379934,27.14577216,3918.079368,41.2623391,16.35393839,,Alpha Hemithea
24.45346266,4.37E-09,17.38668713,alpha,18.54830018,36.27879467,4217.087048,28.92537952,19.84505767,2,Alpha Boreas
33.83032002,3.98E-09,25.72947546,alpha,44.91241414,41.45473971,3029.853251,27.38950181,19.73416133,1,Beta Eioneous
32.93767602,3.29E-09,43.00467433,alpha,33.97842597,20.22511282,4071.143872,29.9480453,22.5155488,2,Zeta Draconis
,3.92E-09,,alpha,45.45333547,33.78579322,3790.939398,,32.84446942,2,Beta Eioneous
39.18069192,3.92E-09,28.94585534,alpha,36.5254777,34.44673807,4100.268616,40.62301756,28.03277597,1,Beta Eioneous
36.91028684,3.38E-09,19.3675224,alpha,41.98677339,34.18707168,5968.019182,23.07534354,20.05807318,2,Gamma Saggita
28.74324195,3.90E-09,18.14162792,alpha,41.98677339,23.19375916,4075.047062,33.56887716,30.53941048,3,Zeta Draconis
38.70028417,4.79E-09,17.47442836,alpha,17.15223368,51.92303112,2741.608799,21.00109818,27.55204545,3,Beta Eioneous
,3.95E-09,17.47442836,alpha,23.19200813,36.44878538,4318.239197,39.3655714,18.73778483,,Alpha Boreas
47.33940452,4.31E-09,23.24459457,alpha,41.98677339,42.47759221,2767.230146,17.20831525,10.84336664,,Beta Eioneous
38.39309806,4.54E-09,32.30513547,alpha,19.86046329,31.74983444,4768.972497,29.15414695,33.49245168,2,Gamma Saggita
40.9224958,4.61E-09,43.00467433,alpha,,20.03236889,2994.364863,40.62301756,24.47999407,2,Beta Eioneous
36.17421756,3.63E-09,33.76259764,alpha,27.46935123,28.92466913,5072.402248,29.01569314,,2,Gamma Saggita
19.93324481,4.45E-09,41.10212712,alpha,30.19245392,26.96560692,5104.901452,38.42253946,20.07933565,3,Alpha Hemithea
31.52520484,4.64E-09,17.47442836,alpha,,40.55600422,2700.540554,17.21780248,18.34088393,2,Beta Eioneous
39.06036966,4.45E-09,14.71424115,alpha,25.87183305,41.94255153,3121.74874,21.78971248,27.15210706,2,Zeta Draconis
29.68735065,3.30E-09,27.4316505,alpha,17.69552644,34.61764738,4193.736166,19.75112388,30.48468425,3,Alpha Boreas
35.79259648,3.54E-09,20.17612114,alpha,41.44088049,35.01520882,3113.768481,25.85928439,16.37381963,3,Beta Eioneous
33.17412062,3.37E-09,20.27163519,alpha,15.28613103,,4106.756775,22.03434948,,3,Gamma Saggita
28.83827448,2.66E-09,32.30113791,alpha,17.15223368,22.95126259,5574.509842,46.339806,16.51972049,3,Alpha Hemithea
32.5043632,2.85E-09,32.00034958,alpha,9.629088562,,5672.478441,35.46402717,28.31452759,3,Gamma Saggita
30.07459606,3.85E-09,26.08299308,alpha,24.19277685,35.27041587,3952.347304,32.43870311,,3,Alpha Boreas
,3.59E-09,17.03096914,alpha,18.36433146,42.57433147,3874.669527,32.96895061,13.989204,3,Alpha Boreas
,2.46E-09,25.14672109,alpha,15.14509184,30.774282,6237.993588,40.62301756,25.00023197,2,Alpha Boreas
15.51230739,2.67E-09,37.89167109,alpha,17.15223368,23.65426209,5674.250642,33.74739488,29.5755381,3,Alpha Hemithea
18.11063547,2.48E-09,42.33905141,,30.90264211,37.9620229,,40.28185818,24.12816445,3,Alpha Hemithea
28.01475405,2.99E-09,26.7378808,alpha,41.98677339,33.87513693,4231.76833,37.80519454,24.70639017,3,Alpha Boreas
32.04415361,3.58E-09,28.10598933,alpha,16.05174546,,3290.271191,28.82757425,,3,Alpha Boreas
41.02785616,2.91E-09,,alpha,19.7918561,20.03236889,5701.231043,27.5242261,27.7415779,3,Gamma Saggita
33.37827502,3.42E-09,23.24715553,alpha,33.20749163,18.88894064,3208.533639,40.62301756,36.44152431,3,Zeta Draconis
27.25541732,3.36E-09,43.00467433,alpha,23.36142404,28.05392421,6237.993588,29.34930326,33.49245168,3,Alpha Boreas
38.98922099,,26.16135295,alpha,19.003826,,5411.535424,26.54829039,25.82260254,2,Gamma Saggita
36.19085261,3.64E-09,32.58102028,alpha,46.25558066,39.3627284,3415.556738,27.1827082,28.0255018,2,Beta Eioneous
33.59794368,3.26E-09,5.642036245,alpha,16.9325763,41.94255153,4989.555457,28.62658863,,3,Zeta Draconis
19.20148368,2.21E-09,41.15176159,alpha,26.52115932,,5439.717521,36.83491414,,1,Alpha Hemithea
33.33298485,4.04E-09,29.1298648,alpha,17.15223368,49.27256785,4639.680006,15.53973185,33.49245168,3,Beta Eioneous
,,12.35521661,alpha,26.97979146,21.26057395,5861.074004,40.62301756,25.2267256,2,Gamma Saggita
23.90499115,2.65E-09,37.48737039,alpha,17.15223368,31.35268311,4730.369533,41.76713784,33.49245168,3,Alpha Hemithea
30.86541659,3.53E-09,43.00467433,alpha,28.07594816,,2350.3487,21.16260296,25.25083355,2,Beta Eioneous
44.16633131,3.65E-09,20.49413654,alpha,24.81454713,35.99331274,4015.658369,31.04010542,33.49245168,2,Alpha Boreas
24.18958062,3.00E-09,18.60679889,alpha,41.98677339,18.37330392,3944.630597,40.62301756,33.55241029,3,Zeta Draconis
36.13388137,,27.81438514,alpha,28.81134278,27.44626691,2026.550316,19.18556848,31.07123466,3,Zeta Draconis
36.70559459,4.45E-09,30.89633131,alpha,35.98699904,,3962.352034,21.92071672,24.85735175,3,Beta Eioneous
23.762129,3.76E-09,14.00268081,,20.2455796,15.76136668,4967.054665,27.4038819,23.22249254,2,Zeta Draconis
33.26964348,4.61E-09,26.339007,alpha,35.86087586,41.29488084,,30.38201021,25.75074892,2,Beta Eioneous
22.36113254,,17.47442836,alpha,25.18620653,41.94255153,4039.837889,27.61319172,23.30098979,,Zeta Draconis
33.99033,4.45E-09,27.98826585,,23.15360376,38.12513332,3271.07785,27.84291148,25.16987465,3,Alpha Boreas
,3.28E-09,18.42625635,alpha,19.87596611,21.8910549,6362.953101,22.51040684,,2,Gamma Saggita
31.51316649,3.35E-09,27.2477766,alpha,18.33928513,,3901.924978,33.84244839,,2,Alpha Boreas
41.61595047,3.41E-09,43.00467433,alpha,29.80830575,19.50098328,5268.372154,19.18556848,26.10103046,2,Gamma Saggita
21.0455303,3.92E-09,11.59891513,alpha,17.24859576,17.83140856,4454.0865,,29.3903722,2,Zeta Draconis
33.74937819,2.87E-09,24.35848773,alpha,15.19301676,35.45877375,4573.736016,38.63197695,22.01264435,1,Alpha Boreas
18.16092792,4.45E-09,14.17619749,alpha,23.3752983,18.13797074,2699.298924,28.36142136,24.12617603,3,Zeta Draconis
23.1416343,4.45E-09,20.19310521,alpha,11.68048581,40.56305572,6237.993588,34.80789595,33.49245168,3,Alpha Boreas
37.53900516,3.88E-09,43.00467433,alpha,30.81108849,51.39741072,3801.187029,12.67505456,32.15552196,,Beta Eioneous
29.02930488,3.47E-09,17.47442836,alpha,40.44016553,37.0315743,2486.460057,22.57744596,28.61900458,3,Beta Eioneous
44.16633131,2.70E-09,43.00467433,alpha,18.10005596,27.93535317,2470.821197,30.49835765,33.49245168,2,Zeta Draconis
,4.31E-09,17.98169013,,35.62608472,42.63919515,,21.93054064,20.07611291,2,Beta Eioneous
31.85757896,3.89E-09,15.6479384,alpha,24.44882978,26.84448555,,40.62301756,32.40621695,2,Zeta Draconis
15.33475411,2.04E-09,38.35932061,alpha,30.00614628,23.01431106,5832.777042,35.02035677,23.92828441,3,Alpha Hemithea
29.21665206,4.45E-09,24.90616351,alpha,26.97633468,29.31229449,5213.623514,20.62928123,19.78268406,2,Alpha Boreas
21.02236302,3.99E-09,47.72579036,alpha,38.02567303,32.27830554,4518.989336,37.80328546,25.12576852,2,Alpha Hemithea
40.39777415,3.31E-09,25.90718528,alpha,24.87962772,28.45896698,4243.461606,32.49138366,29.18739448,3,Alpha Boreas
43.48776893,4.04E-09,23.30804716,alpha,25.50778107,35.16427775,,40.62301756,28.3736299,3,Beta Eioneous
33.34510274,3.40E-09,29.14148566,alpha,37.40246251,38.23917279,3221.492808,17.9436912,22.9462165,2,Beta Eioneous
24.39499365,3.46E-09,43.00467433,alpha,36.79754251,47.38442058,3117.948515,20.67920766,33.49245168,2,Beta Eioneous
37.95014689,4.31E-09,33.06582803,alpha,38.19940836,,2551.64391,22.33133028,33.49245168,2,Beta Eioneous
24.1325934,1.86E-09,23.22805076,alpha,33.12900351,19.86530544,4550.007323,13.80615636,22.71835145,3,Zeta Draconis
44.84776954,3.55E-09,24.22728259,alpha,24.05353168,31.83178103,4502.725325,,31.75866594,2,Gamma Saggita
27.72838038,2.89E-09,14.39571902,alpha,19.53854213,24.23526192,6237.993588,40.49814576,,3,Zeta Draconis
16.05340767,3.31E-09,41.92164038,alpha,25.09658157,32.47488317,5495.520619,31.16382078,27.78963283,2,Alpha Hemithea
,2.67E-09,25.48518904,alpha,41.98677339,28.10742606,6291.62013,43.56395359,33.49245168,2,Alpha Boreas
27.61934196,3.84E-09,18.49092832,alpha,16.00481904,20.65926998,2573.16226,22.21819676,24.58714646,2,Zeta Draconis
42.82892581,3.56E-09,27.84459026,alpha,17.15223368,35.57589184,4172.067209,19.50833461,27.37016613,2,Beta Eioneous
30.84512121,4.15E-09,,alpha,43.25795804,27.5391947,2373.439959,19.280031,26.0345113,3,Beta Eioneous
29.27081268,,19.98855052,alpha,29.93820725,14.34588748,6237.993588,20.89070779,33.49245168,3,Zeta Draconis
32.8813976,2.67E-09,17.47442836,alpha,37.59424651,34.03359431,3322.534773,21.64990531,,2,Beta Eioneous
31.88719859,3.47E-09,26.83308236,alpha,39.28484963,,2114.878072,18.7654859,17.94561597,3,Beta Eioneous
29.96478286,4.45E-09,15.8777649,alpha,41.98677339,27.02885695,4343.371877,40.62301756,19.76791469,3,Zeta Draconis
41.00049748,4.34E-09,17.47442836,alpha,27.91628749,41.94255153,5910.768608,19.18556848,22.31602899,2,Gamma Saggita
33.08978379,3.95E-09,26.3361066,alpha,16.10125124,22.89513141,6237.993588,40.62301756,23.30181449,3,Alpha Boreas
31.23587617,,17.31876041,alpha,27.81913409,41.94255153,,28.21822472,23.99396718,2,Zeta Draconis
44.16633131,3.60E-09,19.45233005,alpha,41.98677339,20.97587017,3826.560635,21.03130118,32.98598537,2,Zeta Draconis
36.44906003,1.93E-09,25.34943352,alpha,14.37081586,20.03236889,4674.883988,29.20741816,22.77028739,,Alpha Boreas
39.84997092,3.75E-09,15.69700945,alpha,36.72897023,38.73248028,6237.993588,17.56055839,27.5543314,3,Beta Eioneous
31.64554153,4.34E-09,19.39996464,alpha,17.02352718,18.5179993,2257.071103,31.03636366,25.44428167,3,Zeta Draconis
44.16633131,2.67E-09,15.86386771,alpha,15.81081331,17.32955826,2475.595986,40.62301756,24.14809432,3,Zeta Draconis
23.52760401,3.93E-09,24.31378396,alpha,34.81255224,39.48139733,6237.993588,25.32980262,22.53544397,2,Beta Eioneous
32.89068846,3.60E-09,18.63624348,alpha,17.48636223,,4208.467464,27.69341453,27.98860233,2,Alpha Boreas
16.63157875,2.99E-09,36.89089189,,44.21106498,20.28924911,4519.427446,32.75573773,33.49245168,2,Alpha Hemithea
31.01355537,2.94E-09,20.33843691,alpha,,27.72246636,4125.179955,30.40651699,30.30788658,2,Zeta Draconis
,2.55E-09,41.17992368,alpha,40.50654333,27.58411567,4433.897005,30.72906801,,3,Alpha Hemithea
21.30286196,2.98E-09,37.3538985,alpha,38.25559341,14.76805581,4791.624992,19.18556848,23.73701525,2,Alpha Hemithea
,,28.00448675,alpha,38.80677688,44.14571699,3342.781132,22.17571079,16.54267074,2,Beta Eioneous
31.34075841,3.55E-09,30.82897295,alpha,15.19790691,,6237.993588,29.66632787,26.21955867,2,Alpha Boreas
35.77854494,3.86E-09,,alpha,41.98677339,15.2588617,6237.993588,,,2,Zeta Draconis
10.79149541,2.63E-09,,alpha,17.15223368,,5771.578529,39.52074238,11.78003962,2,Alpha Hemithea
32.67455538,4.00E-09,27.65330689,alpha,11.6048938,23.79647724,5994.662318,37.30765611,27.81518884,2,Gamma Saggita
43.56129072,3.55E-09,17.47442836,alpha,23.19319313,20.03236889,5079.923488,40.62301756,39.57415305,,Gamma Saggita
44.16633131,3.77E-09,,alpha,36.90609325,23.73642187,5025.602067,38.38992598,18.08561364,2,Alpha Hemithea
,4.35E-09,33.18936519,alpha,,40.04144238,3853.002266,19.49229144,23.07306528,2,Beta Eioneous
32.39347562,3.35E-09,28.43662859,,17.70935385,42.46127774,3417.257936,,25.83126537,2,Alpha Boreas
,3.88E-09,25.6529473,alpha,17.18131511,,2974.676144,,27.81981064,2,Alpha Boreas
33.06561723,2.45E-09,19.71528107,alpha,24.3170542,20.03236889,3838.067938,19.18556848,17.03737198,,Alpha Boreas
20.18131579,2.86E-09,25.66706752,alpha,29.74800588,37.85573715,6237.993588,20.93551901,16.87550274,2,Beta Eioneous
21.38501409,,43.30997105,,40.37821492,23.02718706,5525.685905,,33.49245168,,Alpha Hemithea
51.03805201,3.80E-09,43.00467433,alpha,41.19329535,40.1445474,1634.444112,40.62301756,11.8741527,1,Beta Eioneous
23.29516285,2.40E-09,40.13486589,alpha,30.64360784,27.49820632,5045.024246,40.42796639,15.8068322,2,Alpha Hemithea
39.9303346,4.45E-09,17.93157555,alpha,25.64703355,23.02606857,5096.882069,25.54192411,31.16682123,2,Gamma Saggita
29.56761783,3.60E-09,18.48016107,alpha,20.45704453,40.25503291,6237.993588,19.18556848,28.24942412,2,Alpha Boreas
18.05591697,3.67E-09,42.04619962,alpha,30.35012256,23.66102238,5316.22209,43.18992388,16.51375994,,Alpha Hemithea
24.87291081,2.40E-09,40.67524074,alpha,17.15223368,,4117.540562,38.8195114,15.6846841,3,Alpha Hemithea
46.12486769,4.34E-09,31.96707279,alpha,,38.79264153,3993.750615,22.14101224,24.82048948,2,Beta Eioneous
20.18131579,4.35E-09,26.78564968,alpha,35.25197262,39.894373,6237.993588,18.02295887,25.05825273,2,Beta Eioneous
30.17702394,2.67E-09,20.009219,alpha,30.07712638,24.1084744,2998.505918,20.01897618,29.59431767,2,Zeta Draconis
28.43499269,3.52E-09,34.52141755,alpha,39.81200358,20.03236889,4432.115496,34.13238858,,2,Alpha Hemithea
20.18131579,3.79E-09,43.00467433,alpha,20.17590089,34.44080784,5818.697276,27.65753623,28.56392995,,Gamma Saggita
38.52622345,,31.85330151,alpha,40.43870187,40.67060533,,27.39317637,26.17629664,3,Beta Eioneous
38.93900565,2.67E-09,21.15135731,alpha,17.15223368,42.80614462,3219.465873,17.07497446,16.31639588,3,Beta Eioneous
44.16633131,2.85E-09,42.68383161,alpha,37.84762511,30.09853758,5421.198034,40.87656034,22.30698107,1,Alpha Hemithea
,2.98E-09,26.21984455,alpha,30.43691807,28.41722828,6389.284399,22.42376954,24.95396757,2,Gamma Saggita
35.94415079,4.45E-09,17.47442836,alpha,40.55578708,40.7444292,6237.993588,19.92067225,14.35356813,2,Beta Eioneous
13.14421737,2.06E-09,36.28619541,alpha,42.74372488,26.83502615,5196.340776,29.07912838,14.7243948,2,Alpha Hemithea
22.65161855,4.45E-09,41.32728595,alpha,,24.29860705,4023.967989,42.64393755,22.20220254,2,Alpha Hemithea
33.08366373,4.79E-09,25.81352248,alpha,35.52153158,38.60378045,2565.316516,20.8526139,18.15769497,2,Beta Eioneous
32.92357585,4.45E-09,,alpha,14.94337194,31.36445024,5127.075153,19.18556848,14.75637057,2,Alpha Boreas
21.00467647,3.54E-09,28.75726285,alpha,41.98677339,22.72384933,3030.410558,19.18556848,,3,Zeta Draconis
38.15937463,4.54E-09,28.46865863,alpha,37.79097704,36.41610954,4084.249083,18.47015285,31.5651539,2,Beta Eioneous
28.29443237,3.77E-09,20.50424611,alpha,,21.76051757,6237.993588,22.01261358,24.05799731,2,Zeta Draconis
30.05173876,2.87E-09,28.8877796,alpha,26.09028981,37.07095247,4421.46411,28.42137504,33.49245168,3,Alpha Boreas
41.31268011,2.67E-09,23.58885344,alpha,44.22852377,38.31049172,3165.773391,40.62301756,33.49245168,2,Beta Eioneous
32.23814411,3.40E-09,27.18544277,alpha,36.84902906,31.62055991,4426.760283,13.79772398,25.11368313,2,Beta Eioneous
16.93487098,4.44E-09,16.74350031,alpha,28.95282368,30.17515094,,40.14379183,16.51972049,2,Alpha Boreas
23.91745569,,24.71525121,alpha,23.65399035,40.39947081,4309.649527,32.4424603,29.70626044,2,Alpha Boreas
40.7936165,3.48E-09,23.39946381,alpha,16.52479187,38.06248713,5301.029048,38.08273107,21.97439498,2,Alpha Boreas
42.03356384,4.30E-09,17.47442836,alpha,44.9082558,30.43562299,2482.749919,12.48247504,31.14425824,2,Beta Eioneous
30.32264044,3.38E-09,43.00467433,alpha,30.58532608,41.94255153,5110.5124,26.02564182,33.49245168,,Gamma Saggita
31.18785742,4.10E-09,27.19124944,alpha,40.77661071,38.58143381,6237.993588,22.2895563,30.32841272,2,Beta Eioneous
40.62588137,4.30E-09,17.47442836,alpha,35.95673887,39.46244327,3859.743969,28.89874547,15.63402487,2,Beta Eioneous
30.92320242,3.31E-09,,alpha,27.0845897,41.94255153,3889.451767,40.62301756,31.25574722,2,Zeta Draconis
40.72779394,4.36E-09,13.85863098,alpha,28.43278282,48.60531879,3377.784266,40.62301756,33.49245168,2,Beta Eioneous
,3.76E-09,24.5096237,alpha,15.29043149,30.03863529,5551.917085,27.95719975,33.49245168,2,Gamma Saggita
36.41768418,3.49E-09,43.00467433,alpha,41.98677339,,5683.764923,29.30975262,25.89169767,3,Gamma Saggita
21.91051626,1.56E-09,43.94984428,alpha,42.24000568,20.03236889,2818.571131,38.34263685,13.89351773,2,Alpha Hemithea
39.69961527,2.96E-09,28.49811269,,39.35519508,36.59514952,6237.993588,40.62301756,27.38546418,2,Beta Eioneous
33.54406981,,18.86962365,alpha,,20.03236889,4470.310166,14.01754147,,2,Beta Eioneous
39.75130605,3.92E-09,34.62227913,alpha,35.41054566,37.16217526,6237.993588,20.79686632,23.77486029,1,Beta Eioneous
18.79599759,2.61E-09,41.96168024,alpha,35.97072437,,4595.316354,44.63574064,16.51972049,,Alpha Hemithea
21.45166461,3.50E-09,20.28400614,alpha,41.98677339,20.37788716,6237.993588,40.62301756,25.93281266,3,Zeta Draconis
,3.64E-09,19.52019447,alpha,25.63564105,41.94255153,6216.237909,40.62301756,30.72243334,2,Gamma Saggita
,3.37E-09,16.08604092,alpha,17.54004506,,6237.993588,34.67870652,17.70356214,2,Alpha Boreas
44.16633131,4.45E-09,23.39879322,alpha,23.11610513,31.99675933,3021.317559,40.62301756,29.8740228,3,Zeta Draconis
28.17694977,2.70E-09,42.94142067,alpha,28.93510458,31.06926738,6301.793239,37.62709798,24.30027352,2,Alpha Hemithea
44.16633131,3.47E-09,32.39231471,,24.91388345,31.86313068,6237.993588,40.62301756,34.28468912,2,Zeta Draconis
17.70730534,3.44E-09,18.19990276,alpha,26.62924658,34.91014025,3809.102903,19.18556848,16.96860137,3,Alpha Boreas
37.26397887,4.94E-09,28.88544106,alpha,38.55391754,30.43227442,2906.455708,40.62301756,25.34262613,2,Beta Eioneous
,,43.00467433,alpha,32.8896422,38.53644335,3189.254112,40.62301756,23.61210304,2,Beta Eioneous
37.41759085,2.89E-09,43.00467433,alpha,41.98677339,32.43947548,4997.755158,29.01139769,16.51972049,2,Gamma Saggita
23.35337305,3.31E-09,42.73462731,alpha,17.15223368,27.34533951,2818.571131,35.37421613,33.49245168,2,Alpha Hemithea
18.64656326,2.80E-09,41.24117949,alpha,35.72760149,,5844.081607,38.55793724,16.28795329,3,Alpha Hemithea
,4.59E-09,11.12176367,alpha,29.05288964,40.58928081,2800.321672,14.25834277,16.51972049,2,Beta Eioneous
29.52281093,2.88E-09,20.10540909,,30.36717415,34.50559524,2818.571131,40.62301756,33.49245168,3,Alpha Boreas
44.12881041,3.23E-09,18.78675318,alpha,18.54969322,39.98003268,,21.27484157,33.49245168,2,Alpha Boreas
18.15701726,4.05E-09,44.39305818,alpha,27.61429123,28.58569753,5162.124279,34.21983344,18.25027195,3,Alpha Hemithea
44.16633131,3.02E-09,42.53869755,alpha,37.66689376,21.15166263,4184.230977,33.79925862,22.74154092,2,Alpha Hemithea
31.82934631,3.54E-09,39.15281784,,16.68693808,29.84055615,5426.840113,33.59794477,23.01162785,2,Alpha Boreas
28.75253362,2.37E-09,26.23662687,,24.51952926,16.9889526,4697.976595,27.64320092,16.51972049,2,Zeta Draconis
28.5101909,3.03E-09,18.41298915,alpha,16.89791049,31.54632613,2818.571131,35.80585768,15.42170393,2,Alpha Boreas
10.46316482,2.62E-09,38.308138,alpha,,21.61054957,4773.094145,38.21995268,22.625788,2,Alpha Hemithea
33.93885796,4.08E-09,43.00467433,alpha,34.76175575,37.62788979,4036.313876,19.75034886,33.49245168,2,Beta Eioneous
33.93444059,3.79E-09,43.00467433,alpha,23.0916303,28.75733695,,18.63603224,28.11847908,2,Gamma Saggita
28.54290482,3.27E-09,20.20405748,alpha,26.95520025,32.2423146,4019.695475,33.09545187,22.57703148,,Alpha Boreas
30.0532041,,26.37553487,alpha,24.88875437,28.10618426,5217.140101,35.40811469,22.94249717,2,Alpha Boreas
29.75160871,3.82E-09,20.77591201,alpha,24.20996757,26.81032584,4273.993827,40.62301756,22.76880129,3,Zeta Draconis
45.05423988,3.77E-09,17.47442836,alpha,18.14453118,23.95528147,6670.571182,34.66810935,16.51972049,3,Gamma Saggita
22.19014942,2.67E-09,23.96632183,alpha,25.5379995,16.12506495,4076.97288,27.14405103,16.51972049,3,Zeta Draconis
20.18131579,3.59E-09,24.47115134,alpha,19.25721871,21.91418654,6014.147809,27.42372898,30.32747267,3,Gamma Saggita
,2.60E-09,31.60625271,alpha,12.4557659,28.5083768,3040.925463,33.50662357,23.66850737,2,Alpha Boreas
17.53730007,,16.9997658,,19.30850213,31.76882814,3059.693579,28.54527944,22.13313352,2,Zeta Draconis
27.48361854,3.95E-09,25.14381005,alpha,18.16821444,42.07388337,,36.07586158,29.6267478,2,Alpha Boreas
44.16633131,3.43E-09,16.00710817,alpha,24.05235012,27.07460879,4711.946041,36.93309756,18.91982749,3,Zeta Draconis
23.96081133,2.68E-09,26.84956025,alpha,19.02478975,37.18848285,3913.742983,26.92766926,29.78141204,3,Alpha Boreas
24.57359434,3.29E-09,43.39255404,alpha,17.15223368,41.94255153,5237.842787,33.56922561,19.65215742,2,Alpha Hemithea
36.91728568,4.16E-09,43.00467433,alpha,44.30513118,34.24171886,6237.993588,40.62301756,31.86162513,2,Beta Eioneous
38.01002456,4.00E-09,25.90407552,alpha,16.76757673,41.94255153,,26.20139006,29.56936047,3,Gamma Saggita
44.16633131,3.58E-09,37.21118083,alpha,32.97911445,31.84989403,2818.571131,39.53842139,18.88941688,,Alpha Hemithea
44.16633131,3.81E-09,20.8708459,alpha,27.89205382,30.33087799,4477.256963,35.47765213,25.94260908,3,Alpha Boreas
20.18131579,4.39E-09,20.21862006,alpha,17.15223368,29.95288546,2322.875433,17.33192144,,3,Beta Eioneous
16.33287962,3.50E-09,20.00908353,alpha,41.98677339,37.18285402,4067.053752,22.52405657,13.92293559,2,Alpha Boreas
38.76378304,4.45E-09,31.65159518,alpha,23.44572417,16.80958631,5642.61413,26.53910284,33.49245168,2,Gamma Saggita
44.16633131,3.64E-09,31.36880458,alpha,41.98677339,,5084.956499,40.62301756,33.49245168,3,Alpha Boreas
44.52629304,2.94E-09,25.40968642,alpha,24.85080684,35.26672943,5637.064026,18.45170451,25.61373665,3,Gamma Saggita
44.16633131,3.58E-09,38.64941965,,33.3762021,41.94255153,3975.246062,36.3888785,16.66585703,3,Alpha Hemithea
28.07249676,3.57E-09,24.16394922,alpha,41.98677339,,4261.909847,20.65782423,16.51972049,2,Zeta Draconis
30.91987369,4.45E-09,17.16840925,alpha,24.07425239,41.94255153,2352.132767,29.3049402,,3,Zeta Draconis
21.60032166,2.48E-09,45.08007268,alpha,17.15223368,20.03236889,5092.745385,35.9591708,22.85588561,3,Alpha Hemithea
24.45235372,2.74E-09,33.41725578,alpha,13.19273489,32.54963365,6237.993588,32.86820818,33.49245168,2,Alpha Boreas
24.28700962,3.52E-09,,alpha,41.66029837,41.94255153,4507.821619,36.30928874,18.29310702,2,Alpha Hemithea
38.7885105,,43.00467433,alpha,14.75727863,23.47779008,5556.488824,40.62301756,27.6895888,2,Gamma Saggita
35.76323589,3.56E-09,30.56496089,alpha,20.14076747,34.0812914,5444.735838,32.69557158,23.62756371,2,Alpha Boreas
22.33026896,2.87E-09,28.3453252,alpha,34.29772302,29.99265643,4433.02526,35.55064401,18.92553444,3,Alpha Hemithea
43.0765906,3.42E-09,,,19.18110813,30.63634948,6084.878912,11.52129984,23.88418135,2,Gamma Saggita
45.9995254,3.95E-09,,alpha,41.98677339,27.50169467,,32.44702198,19.23431195,2,Gamma Saggita
30.32752315,3.01E-09,33.3639463,alpha,36.15620049,,,34.90112597,7.385701986,3,Alpha Hemithea
36.98856898,,30.79391404,alpha,37.57797672,35.13833395,6237.993588,23.11235615,33.96343577,2,Beta Eioneous
33.32526217,,18.9862536,alpha,13.49509723,27.9914704,,30.32131634,33.49245168,3,Alpha Boreas
24.59933637,2.00E-09,36.81217387,alpha,,22.82572584,5021.169496,36.544061,16.17014531,3,Alpha Hemithea
44.16633131,4.45E-09,42.95476289,alpha,26.6699943,26.94665525,5182.913745,37.48810953,4.345443295,3,Alpha Hemithea
,4.04E-09,34.45320172,alpha,17.15223368,40.00406238,6237.993588,,23.44741781,1,Beta Eioneous
28.01832326,2.89E-09,19.77011154,alpha,27.34812325,42.305126,5511.080668,29.40633745,23.67151057,2,Alpha Boreas
33.24083339,,29.01672934,alpha,17.15223368,41.94255153,3883.493219,37.39512034,27.34909908,2,Alpha Boreas
45.28480684,4.45E-09,28.78383744,alpha,28.73516574,41.94255153,6670.402056,27.82302803,25.49580077,2,Gamma Saggita
15.00402815,2.68E-09,39.92179968,alpha,36.7083675,27.07129232,5967.648566,38.12961608,16.59650487,3,Alpha Hemithea
23.36353017,2.37E-09,,alpha,28.55224362,40.79282149,6117.345826,41.50216171,14.17876668,2,Alpha Hemithea
43.9298149,3.56E-09,17.47442836,alpha,41.98677339,32.58048907,,22.11633146,29.78279027,,Gamma Saggita
20.18131579,3.31E-09,17.47442836,alpha,24.59921703,41.94255153,5402.671389,40.62301756,22.80838272,1,Gamma Saggita
23.54200679,2.50E-09,30.67768548,alpha,35.65632052,41.94255153,4684.822222,36.22121768,31.06086549,2,Alpha Hemithea
44.16633131,2.54E-09,25.62777617,alpha,25.52566253,28.62676128,4209.125828,,25.53095109,3,Alpha Boreas
30.17659916,4.06E-09,17.88800269,alpha,12.22278417,17.69592758,3819.542745,32.43208617,16.51972049,,Zeta Draconis
35.9045398,4.45E-09,18.6434435,alpha,20.75889964,16.76948923,6237.993588,29.72697981,15.84048236,3,Zeta Draconis
37.08194135,2.85E-09,43.00467433,alpha,41.98677339,30.52963337,4533.130008,33.59129596,23.33079876,3,Gamma Saggita
30.58842855,4.00E-09,17.79577928,alpha,29.67311571,31.9337238,2277.328457,19.18556848,33.49245168,,Zeta Draconis
39.49951501,4.32E-09,37.19403171,alpha,37.21344005,41.45950483,2850.780774,15.61436746,29.31002886,2,Beta Eioneous
21.18882267,,27.80008663,alpha,23.07697154,,5504.865069,40.62301756,33.49245168,2,Alpha Boreas
32.58677905,3.37E-09,,,39.53340468,31.5248415,5109.71615,40.88083396,30.97022328,2,Alpha Hemithea
30.9969367,3.45E-09,17.93155158,alpha,17.15223368,,3205.51407,36.25932101,26.11414092,2,Alpha Boreas
41.01268043,4.43E-09,17.47442836,alpha,30.86758739,42.54433922,2531.281668,29.56686368,24.79088648,,Beta Eioneous
21.33803899,2.23E-09,43.04330479,alpha,35.47223992,41.94255153,6237.993588,28.43747908,16.75622408,3,Alpha Hemithea
24.96348987,2.39E-09,41.1151834,alpha,17.15223368,33.78002424,2818.571131,37.81522446,17.99553069,,Alpha Hemithea
44.16633131,3.37E-09,43.00467433,alpha,29.25191309,23.1391113,4648.917955,,41.87215672,,Zeta Draconis
45.71986614,3.85E-09,27.14657031,alpha,27.77264057,23.66967769,5530.170598,30.03557951,17.85032988,2,Gamma Saggita
20.18131579,3.44E-09,17.47442836,alpha,35.88269553,39.75615591,3420.383377,19.26304623,28.64229736,2,Beta Eioneous
20.18131579,3.42E-09,,alpha,20.38501898,41.94255153,5850.215244,40.62301756,26.08674599,,Gamma Saggita
37.82479694,3.45E-09,25.65505743,alpha,,38.47268388,3078.659996,21.31801358,14.41376991,2,Beta Eioneous
28.75942701,2.51E-09,,alpha,27.13255756,35.79018568,,,19.6656933,3,Alpha Boreas
34.18681998,2.67E-09,21.21214441,alpha,41.98677339,,5570.040032,28.49533379,20.11296266,3,Gamma Saggita
44.16633131,3.33E-09,38.86112875,alpha,30.69273474,32.56902771,4091.851829,35.23624251,12.36795807,2,Alpha Hemithea
36.07644639,3.89E-09,,alpha,12.58862369,46.3392967,5323.970586,,28.90473922,3,Alpha Boreas
32.13446839,3.88E-09,15.6158799,,15.73073769,28.00803725,3300.782819,33.91043425,24.02579107,3,Zeta Draconis
22.69648375,4.45E-09,43.00467433,alpha,24.30582703,19.32442682,4301.008204,30.37773507,29.77221115,2,Zeta Draconis
21.19674888,2.17E-09,47.10309313,alpha,17.15223368,26.78669968,4620.717314,26.74155526,27.83558349,,Alpha Hemithea
23.93949477,3.43E-09,,alpha,27.59139621,41.94255153,4167.848414,40.62301756,33.28027934,3,Zeta Draconis
34.07989041,3.25E-09,31.61671135,alpha,23.12278424,34.91772998,5676.180409,21.58977951,33.49245168,2,Alpha Boreas
27.67983573,3.23E-09,,alpha,17.15223368,40.76514111,3283.322986,19.35517064,16.51972049,3,Beta Eioneous
28.61015507,4.05E-09,18.66225294,alpha,13.47959507,39.86422971,,34.99340051,17.03436168,3,Alpha Boreas
37.44452093,3.96E-09,43.00467433,,17.3513381,28.86097898,6283.512596,,16.53640103,,Gamma Saggita
45.83609122,3.55E-09,17.47442836,,26.71322685,30.31582131,2818.571131,27.94207794,27.31869197,2,Gamma Saggita
31.84495351,,14.22752167,alpha,30.054732,29.76825474,5231.998848,20.43534935,33.07289289,3,Gamma Saggita
32.53553956,4.45E-09,41.2314681,alpha,42.30981209,30.50144432,4714.702479,37.90134092,14.77420076,3,Alpha Hemithea
39.32546397,3.43E-09,26.06590761,alpha,19.0519463,28.86799869,6158.512985,27.4852112,30.34201151,2,Gamma Saggita
19.82239119,4.45E-09,43.00467433,alpha,14.21258797,28.23224567,3878.831004,40.62301756,16.51972049,3,Alpha Boreas
33.56541214,2.67E-09,19.65564401,alpha,25.18589538,30.6734474,4127.767826,40.62301756,31.82244551,3,Zeta Draconis
21.13704878,2.82E-09,37.79093574,alpha,28.90315056,41.94255153,5316.441543,38.18545864,33.49245168,,Alpha Hemithea
21.32938991,3.60E-09,21.0193449,alpha,23.72953509,23.0842063,2818.571131,,28.76743353,,Zeta Draconis
30.69406482,4.58E-09,43.00467433,alpha,12.96373334,39.75935056,4423.462166,25.77858328,,2,Alpha Boreas
19.46019543,2.81E-09,35.9774038,alpha,27.8359781,23.66622188,4724.816544,30.37124674,23.61643844,2,Alpha Hemithea
29.27349612,2.58E-09,34.09957285,alpha,36.04516658,27.07431425,5658.843568,33.56841644,16.51972049,2,Alpha Hemithea
41.36014353,3.49E-09,24.15539308,alpha,28.15705033,37.83101024,5144.240752,27.11876629,,2,Gamma Saggita
42.29533565,3.59E-09,18.38786777,alpha,41.72893781,44.00048462,6237.993588,23.0277213,33.49245168,3,Beta Eioneous
44.16633131,3.61E-09,15.36263667,alpha,24.32926626,31.26357008,5109.282272,40.62301756,29.73289769,,Alpha Boreas
38.62009927,3.86E-09,28.76668707,alpha,25.56647302,32.63536239,5431.574743,38.60570587,25.87193084,2,Gamma Saggita
41.73172202,3.97E-09,25.63788598,alpha,15.81602566,21.96653862,6163.209831,30.31617929,33.49245168,2,Gamma Saggita
20.18131579,2.89E-09,30.80835594,alpha,24.04135728,31.49018584,5395.729882,28.32971155,24.50855035,2,Alpha Boreas
33.3189598,4.45E-09,43.00467433,alpha,26.72175844,21.48231067,6237.993588,26.55646617,28.1056788,3,Zeta Draconis
42.61179217,3.96E-09,17.47442836,alpha,30.00875431,,2889.763645,10.55547875,23.03222982,2,Beta Eioneous
41.66207358,4.20E-09,17.47442836,alpha,41.98677339,29.57271863,6403.696834,27.84448572,22.07518706,2,Gamma Saggita
44.16633131,4.45E-09,35.82661078,alpha,40.9853272,41.94255153,3370.972101,37.37787175,24.93303862,2,Alpha Hemithea
33.17521183,,30.68161216,alpha,13.11455348,28.63892867,5964.651309,28.51139821,28.89769627,2,Gamma Saggita
47.02649401,,28.30192382,alpha,17.15223368,34.54187477,4508.202729,40.62301756,29.21000309,2,Beta Eioneous
41.10234221,3.92E-09,,alpha,30.41386228,32.32031323,6237.993588,29.67190361,34.39064801,3,Beta Eioneous
40.1467599,4.45E-09,19.61701659,alpha,19.42415101,41.94255153,5532.656936,22.49914985,38.00900979,2,Gamma Saggita
30.41490589,2.39E-09,9.474205529,alpha,17.77955522,24.05543945,6237.993588,27.83495256,28.19232224,3,Zeta Draconis
40.98206863,3.32E-09,20.22063246,alpha,29.59240338,,,25.31220655,33.49245168,3,Zeta Draconis
28.18135423,3.50E-09,43.00467433,alpha,41.98677339,41.94255153,6237.993588,25.94460634,17.55133937,2,Zeta Draconis
38.95117941,2.97E-09,25.75435394,alpha,,,6588.410527,28.23572755,36.50026392,3,Gamma Saggita
20.5557323,4.45E-09,19.30552847,alpha,25.59093678,21.86677611,6237.993588,40.62301756,35.61803112,3,Zeta Draconis
41.75037802,3.85E-09,19.24676685,alpha,14.06099355,22.353874,6537.198021,17.91386256,27.2136655,2,Gamma Saggita
37.68546354,,18.48942235,alpha,42.92733226,31.56514663,2889.464128,27.2071345,24.41215757,3,Beta Eioneous
36.17272288,4.28E-09,27.06306713,alpha,42.60869138,35.84081838,3846.403547,32.76796229,27.93345853,3,Beta Eioneous
20.18131579,3.59E-09,28.46152378,alpha,30.61815437,35.08755385,2969.713319,40.62301756,33.49245168,,Beta Eioneous
41.94664523,4.45E-09,19.79412502,alpha,33.52680485,34.96290218,2399.432212,21.97554519,22.66615988,2,Beta Eioneous
23.96424316,,17.18417721,alpha,33.67600903,23.68786934,4362.492598,29.1008052,30.95024457,2,Zeta Draconis
24.54323274,3.77E-09,43.00467433,alpha,19.01224002,29.75973652,4610.926604,30.76540448,27.45500873,1,Alpha Boreas
31.45534572,,19.65307426,alpha,,8.912222065,3958.34635,16.52775813,29.53802744,3,Zeta Draconis
33.67699974,4.45E-09,31.78027125,alpha,30.30055279,39.81117105,2988.543305,40.62301756,33.49245168,2,Beta Eioneous
39.57598035,3.83E-09,24.75398847,alpha,49.43189698,41.50762551,3328.460612,25.58405507,14.98879923,3,Beta Eioneous
28.99867418,,6.618080615,alpha,41.98677339,19.05557919,6237.993588,22.57948828,34.2146552,3,Zeta Draconis
27.34544918,4.37E-09,17.90759801,alpha,13.17459138,,3819.180381,40.62301756,30.51241849,3,Zeta Draconis
38.61094111,4.57E-09,26.97720147,alpha,36.48755475,39.33622072,3924.400274,15.49319464,25.82605554,2,Beta Eioneous
,3.83E-09,20.56674326,,27.35202998,17.90794645,3880.758765,35.91929811,28.54953511,2,Zeta Draconis
33.31366402,3.50E-09,18.42653167,alpha,,30.25950538,6274.148955,30.14871814,27.51318405,3,Gamma Saggita
16.59851135,2.65E-09,35.46054477,alpha,38.97798217,20.25785612,5174.805151,37.65230606,18.88219285,3,Alpha Hemithea
24.45559758,3.56E-09,18.32780336,alpha,41.98677339,38.68655416,,33.470174,30.27676514,3,Alpha Boreas
20.18131579,3.48E-09,17.47442836,alpha,30.33237117,45.93591674,,21.79376266,23.76148582,3,Beta Eioneous
20.18131579,4.23E-09,24.62532045,,34.15596548,40.07856328,2964.898919,21.6453824,20.05260201,3,Beta Eioneous
28.68944268,3.47E-09,25.97891739,alpha,20.44890655,36.00254632,3875.623006,22.22211988,17.98525338,3,Alpha Boreas
24.5866019,,,alpha,34.73270712,41.94255153,,30.48554045,18.91391886,2,Alpha Hemithea
17.67175753,2.95E-09,33.66580954,alpha,27.72865044,41.94255153,4973.122525,40.13683391,15.02085164,2,Alpha Hemithea
18.99513346,4.45E-09,49.36258986,alpha,39.18879065,28.29319264,5587.627585,37.14670734,15.28452248,3,Alpha Hemithea
40.50590909,4.45E-09,43.00467433,alpha,28.09851206,35.04360855,5567.624426,18.36168234,16.71828181,2,Gamma Saggita
44.16633131,4.37E-09,16.78791952,alpha,41.98677339,14.68643676,3365.580417,32.75584641,16.51972049,3,Zeta Draconis
22.61458954,3.89E-09,19.59272342,alpha,41.98677339,41.94255153,3911.260411,35.48449001,23.92209089,2,Zeta Draconis
41.31752917,4.45E-09,28.93870884,alpha,23.60806865,28.23450416,2818.571131,26.44796341,12.87313755,2,Gamma Saggita
45.5310637,3.32E-09,17.47442836,alpha,35.53650594,37.66965034,4768.293564,13.92597493,33.49245168,3,Beta Eioneous
38.19602629,4.21E-09,17.47442836,alpha,40.73711768,35.91678978,4213.734799,16.90883421,,2,Beta Eioneous
39.17308854,3.89E-09,5.971309511,alpha,26.07680087,41.94255153,5449.650124,30.66962348,19.29680735,1,Gamma Saggita
17.66589825,3.34E-09,36.37118775,alpha,35.31345386,28.75284119,5349.6747,40.60062665,24.12204216,3,Alpha Hemithea
19.39460817,3.62E-09,44.53147552,alpha,26.85459201,23.16020559,5314.171892,32.61623505,25.19266785,3,Alpha Hemithea
29.27324705,3.65E-09,20.9937861,alpha,19.58180638,23.73459083,6237.993588,32.55863408,33.92993888,3,Zeta Draconis
30.79464956,2.67E-09,25.98301885,alpha,42.33489346,38.46828811,3928.165015,16.02151081,27.78997329,2,Beta Eioneous
32.82699783,2.62E-09,26.48592087,alpha,20.70219849,29.15068729,4141.363505,26.2636426,17.29158035,2,Alpha Boreas
28.49680827,3.80E-09,24.52306965,alpha,37.95978592,43.85391529,3346.442502,20.82282623,22.45255841,2,Beta Eioneous
21.08482253,2.79E-09,35.82301853,alpha,42.30755228,41.94255153,5784.968686,36.61792546,13.28252782,3,Alpha Hemithea
20.18131579,4.07E-09,15.58390248,alpha,33.27662254,41.89653186,4354.886791,21.09863851,17.97103061,2,Beta Eioneous
36.83735618,2.65E-09,43.00467433,alpha,25.75688653,20.03236889,6184.686539,29.15060953,33.49245168,2,Gamma Saggita
16.97964447,,43.00467433,alpha,26.99440017,17.032528,2335.154202,26.15147757,25.77344493,,Zeta Draconis
31.52289368,4.57E-09,15.48883407,alpha,23.04198673,19.33280009,2818.571131,28.88196946,24.4447112,,Zeta Draconis
29.25860797,3.40E-09,18.93234859,alpha,34.08648856,19.10296775,3905.749528,36.55521607,33.33063476,3,Zeta Draconis
40.30167099,4.67E-09,20.99126023,alpha,34.43310048,42.62994291,3175.762365,22.72586068,23.73855385,3,Beta Eioneous
27.38452215,3.51E-09,43.00467433,alpha,26.22142938,21.34313385,2376.371895,27.98005856,,2,Zeta Draconis
39.93585983,3.28E-09,30.73364757,alpha,18.5984974,29.11078624,4283.509551,40.62301756,19.41528618,2,Gamma Saggita
13.63786357,3.27E-09,,alpha,29.54943865,31.1859619,6356.539593,38.47623962,13.05444042,3,Alpha Hemithea
44.16633131,3.34E-09,20.88918845,alpha,27.03341696,27.07528197,4165.389024,33.17393557,18.1570875,2,Alpha Boreas
31.40373253,2.86E-09,20.60353823,alpha,18.76262614,15.81743734,6237.993588,27.47303377,29.82449844,2,Zeta Draconis
24.38087604,3.45E-09,28.54828698,alpha,20.53656008,,5540.572609,36.95653783,24.83411179,1,Alpha Boreas
47.30724839,4.45E-09,,alpha,25.89661152,,6301.148758,29.92949522,25.07739682,2,Gamma Saggita
44.16633131,3.62E-09,24.85142405,alpha,14.96252168,31.27027655,2818.571131,26.57024701,33.49245168,3,Alpha Boreas
41.27604944,3.36E-09,43.00467433,alpha,37.38685651,37.00828256,6237.993588,28.80771382,27.89751441,2,Beta Eioneous
44.16633131,4.45E-09,33.08180468,alpha,37.56926324,32.47476571,4399.04195,27.80394659,15.05527034,2,Alpha Boreas
18.90107749,3.67E-09,27.46412233,alpha,16.58302919,23.12936935,5547.778099,40.62301756,22.50343544,2,Alpha Boreas
30.83816475,3.60E-09,17.47442836,alpha,33.52782018,,4203.406999,19.72790288,19.77590384,2,Beta Eioneous
17.60241527,3.98E-09,32.18017684,alpha,17.44724322,30.93726456,3415.3215,18.77539518,18.12754058,2,Alpha Boreas
29.66938107,4.71E-09,26.67859281,alpha,40.58795347,34.46379726,2552.455684,18.79951745,,2,Beta Eioneous
13.75736511,3.66E-09,43.00467433,alpha,16.16229565,,4092.612648,35.68579013,19.34619124,2,Alpha Boreas
39.08844428,3.84E-09,25.11710688,alpha,39.07209146,44.85008899,1515.620807,20.2662146,14.58130574,2,Beta Eioneous
35.80168433,4.45E-09,32.28438286,alpha,39.49471096,35.78649729,4356.743826,21.116131,33.49245168,2,Beta Eioneous
22.5918101,3.52E-09,20.67721376,alpha,11.05575782,31.79202761,4100.414837,36.63181852,25.48342558,3,Alpha Boreas
,2.95E-09,43.00467433,alpha,41.98677339,29.90713927,4464.333787,20.78665365,30.4936002,1,Gamma Saggita
21.86927017,2.07E-09,26.90244963,alpha,,34.60596714,4022.769016,36.91200465,17.14688514,2,Alpha Boreas
31.64013485,2.31E-09,43.00467433,alpha,10.07843406,28.61171662,4525.886836,,15.74354895,3,Alpha Boreas
23.02579628,3.31E-09,14.15748077,alpha,10.2353408,17.39696434,6237.993588,25.32213671,16.51972049,3,Zeta Draconis
20.18131579,,43.85076265,alpha,27.92032414,32.57963839,5734.801893,45.94721763,,3,Alpha Hemithea
24.37293184,2.75E-09,36.34858615,alpha,27.48409854,20.03236889,4235.0616,31.12636081,14.40395558,3,Alpha Hemithea
15.72105111,3.35E-09,,alpha,34.18684875,18.19789972,5167.62698,43.64658727,33.49245168,2,Alpha Hemithea
44.16633131,2.93E-09,23.6566499,alpha,27.52934553,28.84448813,3225.922516,26.47585395,12.36053142,3,Alpha Boreas
32.54474788,,25.73678938,,25.26833415,27.01520624,4082.105626,35.85998796,30.19176956,2,Zeta Draconis
41.57467773,2.52E-09,33.53317227,alpha,41.98677339,21.81176221,6277.013514,21.47642701,24.45134035,1,Gamma Saggita
52.05161198,2.09E-09,17.47442836,alpha,24.7398502,41.94255153,6811.55929,40.62301756,27.87635774,2,Gamma Saggita
32.17690823,2.70E-09,14.81900816,,,21.99682953,6237.993588,22.79399502,27.7856701,3,Zeta Draconis
23.88990791,3.57E-09,39.71905719,,33.44719789,27.67647383,2818.571131,49.66136995,11.47217689,,Alpha Hemithea
21.06151913,3.32E-09,37.47251549,alpha,30.2941632,22.18366812,,29.8855644,17.10472071,2,Alpha Hemithea
33.55640801,3.39E-09,,alpha,41.98677339,20.59847135,6199.518737,37.49793329,22.05100949,2,Gamma Saggita
45.1608444,4.15E-09,20.26862421,alpha,41.98677339,41.94255153,,40.62301756,30.1527475,2,Gamma Saggita
44.16633131,3.26E-09,24.60301434,alpha,18.69740435,30.29147369,4113.985967,19.18556848,16.89959761,2,Alpha Boreas
22.6278491,3.27E-09,18.95781633,alpha,27.13003489,41.94255153,6237.993588,19.18556848,24.16335978,2,Zeta Draconis
20.18131579,4.42E-09,10.71237817,alpha,17.15223368,23.53683038,2606.143018,19.18556848,16.51972049,3,Zeta Draconis
36.71178266,3.58E-09,43.00467433,alpha,41.98677339,32.52094748,5040.085305,40.62301756,23.79844337,2,Gamma Saggita
20.18131579,3.61E-09,23.38622119,alpha,41.98677339,37.04718413,4280.249605,,33.49245168,2,Alpha Boreas
41.01311369,3.29E-09,31.29682722,,23.90816777,41.94255153,5165.213092,34.29113719,23.42808592,2,Gamma Saggita
38.68730685,3.93E-09,28.91684162,alpha,43.03409341,31.12195643,6237.993588,4.913787478,30.15321393,2,Beta Eioneous
41.73431784,3.47E-09,32.7163696,alpha,19.96362814,33.90126108,5705.383422,30.8245997,22.20680983,,Gamma Saggita
23.11276886,3.62E-09,23.77924764,alpha,41.98677339,,3197.508106,21.05214764,32.85541067,3,Zeta Draconis
34.28407143,3.79E-09,32.13319103,alpha,32.85609378,46.75771331,5689.215968,38.24498719,28.30257134,3,Gamma Saggita
28.28780922,3.25E-09,43.00467433,,30.54444665,22.85900868,1435.893654,36.93902242,,2,Zeta Draconis
24.52043521,2.95E-09,39.1569031,alpha,35.88871029,,,39.46284502,,3,Alpha Hemithea
21.03194285,2.48E-09,42.00618246,alpha,33.93191791,,5147.226328,19.18556848,22.07992878,2,Alpha Hemithea
28.39276238,3.66E-09,39.64850415,alpha,26.12358966,39.32418731,3311.456324,28.10488618,29.57927679,3,Alpha Boreas
37.65517538,3.34E-09,17.47442836,alpha,19.65486175,30.51971595,5889.655665,25.50516632,25.7177686,2,Gamma Saggita
37.53894582,3.30E-09,25.44926431,alpha,14.18222984,41.94255153,5766.347929,30.68661222,25.31193265,2,Gamma Saggita
38.20039162,2.67E-09,23.60212398,alpha,39.3509425,37.10628196,6237.993588,25.65925146,16.091329,2,Beta Eioneous
29.21627874,3.41E-09,19.08697756,alpha,23.93391559,41.94255153,3097.966968,40.62301756,28.73817444,3,Zeta Draconis
44.16633131,3.66E-09,19.37720535,alpha,14.16136654,35.598211,3978.276168,40.62301756,15.11031022,2,Alpha Boreas
38.91768798,3.45E-09,26.90316139,alpha,17.94376452,33.845818,,25.97674558,33.49245168,2,Gamma Saggita
27.40230835,3.37E-09,25.8289647,alpha,19.7721671,20.79753715,2818.571131,20.00425878,34.44147367,3,Zeta Draconis
33.53688136,4.17E-09,17.12154529,alpha,18.8282683,21.67049436,6237.993588,31.20113219,19.2806496,3,Zeta Draconis
24.96532364,,18.24833441,alpha,18.87847126,28.75877327,3810.106915,26.87072285,27.22935331,3,Alpha Boreas
44.16633131,2.13E-09,40.23877675,alpha,36.53480942,19.3928305,2818.571131,34.11978203,24.77571727,2,Alpha Hemithea
20.20703474,,23.90559841,alpha,25.61354413,27.87056142,4250.012104,39.09566982,25.40320365,2,Alpha Boreas
15.94709222,3.28E-09,34.1137891,alpha,23.16920177,41.94255153,,37.40509178,26.06068053,,Alpha Hemithea
31.5775631,3.28E-09,27.68990753,alpha,46.36005066,42.70911444,4034.850273,30.55280973,28.33535531,,Beta Eioneous
31.6727117,4.37E-09,23.33184786,alpha,43.93790008,42.14271061,4029.862216,8.592562126,29.50394708,2,Beta Eioneous
42.43369869,4.45E-09,24.98651221,alpha,19.83138017,28.2360279,5488.956408,40.62301756,26.28744789,3,Gamma Saggita
42.60277415,3.35E-09,32.01082477,alpha,23.31129254,41.94255153,6007.792501,26.02098011,29.50304781,2,Gamma Saggita
33.60561726,3.83E-09,38.18985745,alpha,34.16071482,,6237.993588,20.070231,16.19187643,1,Beta Eioneous
,3.82E-09,26.90456065,alpha,27.02786607,41.74704969,6237.993588,25.60768091,32.21527868,2,Beta Eioneous
28.54314441,3.80E-09,26.15720367,alpha,,38.59103257,5671.142302,27.14944958,18.86106165,3,Alpha Boreas
15.72243788,3.45E-09,36.27619812,alpha,24.87660947,27.67317875,5921.607485,,25.21304202,2,Alpha Hemithea
37.73057994,4.45E-09,27.14173623,,13.81558137,,5491.651472,16.57594321,16.51972049,3,Gamma Saggita
34.24071077,2.83E-09,25.61187735,alpha,24.26421519,22.25268038,4252.647222,30.04805602,23.36393082,3,Alpha Boreas
24.22043336,4.45E-09,31.40935214,alpha,41.98677339,,3854.292486,33.96123383,30.01185476,3,Zeta Draconis
22.10577958,2.90E-09,36.31450974,alpha,34.6210236,41.94255153,5156.847998,,33.49245168,3,Alpha Hemithea
35.84052615,3.39E-09,27.87395873,alpha,19.81072418,38.99756822,5194.206594,34.29986677,29.64888218,2,Alpha Boreas
30.27159633,3.27E-09,42.90837378,alpha,35.99827615,41.94255153,4316.232307,38.03438792,15.21100857,3,Alpha Hemithea
20.18131579,3.61E-09,35.6973235,alpha,40.62783316,36.54463196,4126.278336,40.62301756,24.75300131,2,Beta Eioneous
38.5853638,3.78E-09,43.00467433,alpha,41.98677339,22.00403359,6237.993588,40.62301756,27.90436822,3,Zeta Draconis
27.43265319,2.34E-09,34.54762707,alpha,23.9816081,27.91714921,,40.87404763,19.55788274,2,Alpha Hemithea
38.58285385,2.80E-09,,alpha,,28.03631126,5296.947443,18.29381255,30.05897746,2,Gamma Saggita
36.95610796,3.49E-09,,alpha,23.08473816,27.36020308,6970.80097,,33.41580099,2,Gamma Saggita
44.16633131,,23.4340299,alpha,9.335427362,30.35133257,3271.248934,40.62301756,30.88860407,3,Zeta Draconis
,4.10E-09,34.85566823,,38.74838903,38.35522157,6237.993588,26.63911879,30.73275028,3,Beta Eioneous
27.52192869,3.95E-09,28.98116605,alpha,26.06698852,29.6883757,3848.140774,29.2314746,32.93981342,3,Zeta Draconis
42.58675229,4.22E-09,28.03397709,,37.75106562,,3440.801243,27.72888109,29.30508458,3,Beta Eioneous
43.44817954,3.48E-09,27.29529054,alpha,24.00248337,31.25078522,5478.565833,34.05959393,10.91816993,2,Gamma Saggita
31.52059908,3.76E-09,31.70413087,alpha,38.59719449,35.32008005,3255.427972,40.62301756,25.83106234,3,Beta Eioneous
,4.40E-09,26.30321293,alpha,41.98677339,35.72849189,3165.095799,17.46287232,33.49245168,3,Beta Eioneous
,4.40E-09,45.44038867,alpha,,20.03236889,4131.780662,21.7987849,16.51972049,3,Beta Eioneous
40.5814479,,26.83636419,alpha,,38.78945378,3159.705884,30.0397719,28.9875665,,Beta Eioneous
21.80842157,3.41E-09,37.85255619,alpha,17.15223368,15.90082915,,39.5844109,33.49245168,2,Alpha Hemithea
29.54282324,2.61E-09,26.0430474,alpha,41.98677339,35.22352925,4765.962273,20.46548068,23.92326319,2,Alpha Boreas
17.07303136,2.78E-09,42.50070268,,26.50058599,22.72495635,5942.072152,33.55503852,23.57626285,3,Alpha Hemithea
36.54501081,4.66E-09,27.08676899,alpha,43.33165955,35.67439805,2638.003544,18.21157184,17.23342674,2,Beta Eioneous
37.55453022,4.45E-09,24.24250822,alpha,25.44078802,31.37457158,4522.776044,40.62301756,27.67266325,2,Gamma Saggita
20.03388478,3.30E-09,42.00301748,alpha,40.80756428,41.94255153,5081.230782,31.05443265,16.34757737,3,Alpha Hemithea
36.92969268,2.99E-09,28.34819796,alpha,,,6028.231634,22.97700717,29.29054501,2,Gamma Saggita
28.25796685,2.98E-09,,alpha,23.29662078,34.84033685,3398.883755,28.79552535,33.49245168,2,Alpha Boreas
31.57887844,,26.60794247,alpha,,23.90229784,4657.218238,27.11640754,22.02875054,2,Alpha Boreas
41.79366246,3.89E-09,27.26702743,alpha,17.25419928,28.4188694,4750.088023,21.31326538,23.30919816,2,Gamma Saggita
41.25169016,3.81E-09,25.34296503,alpha,,27.52921762,6415.756921,,33.2189666,2,Gamma Saggita
22.6893836,,43.00467433,alpha,25.1275415,35.67159318,5021.787451,21.29200418,16.95300729,,Alpha Boreas
30.78569533,3.01E-09,17.67708444,,41.98677339,18.56240247,3409.327471,21.51691985,,2,Zeta Draconis
30.6393486,3.34E-09,20.10814664,alpha,11.39492525,23.48211393,3208.952108,35.90081137,24.4790047,2,Zeta Draconis
22.88448731,4.45E-09,20.40432315,alpha,19.41704294,17.88104532,4054.536461,19.18556848,34.92171578,3,Zeta Draconis
30.86570886,3.31E-09,,alpha,18.02431303,19.61023109,2878.916543,26.35757247,25.78841962,3,Zeta Draconis
38.20975708,4.65E-09,17.66246289,alpha,37.66118804,43.13194641,6237.993588,26.4323721,24.92077633,2,Beta Eioneous
44.16633131,3.31E-09,43.56261277,alpha,39.59968954,29.16744274,4303.478438,36.18962717,33.49245168,3,Alpha Hemithea
31.93152201,4.45E-09,17.47442836,,16.59082302,30.64056865,3320.574427,40.62301756,22.8163529,3,Zeta Draconis
40.84824837,4.07E-09,25.3282597,alpha,33.10504194,39.66759186,3247.424561,15.84924203,31.62485848,3,Beta Eioneous
22.85362178,2.73E-09,36.94514071,alpha,39.28019014,31.61157068,2818.571131,40.54426119,16.51972049,,Alpha Hemithea
23.16918613,3.88E-09,23.56481164,,29.16573304,16.02864406,6237.993588,40.62301756,19.97066699,3,Zeta Draconis
41.36235911,4.45E-09,26.58492477,alpha,39.14725527,36.01932361,1954.903536,18.15218305,25.01310454,3,Beta Eioneous
18.08605947,,25.55482689,alpha,24.02445356,,6237.993588,20.97970031,28.53838494,3,Zeta Draconis
39.56956926,4.45E-09,34.27379114,alpha,37.70189251,41.74686458,,16.20661851,24.40995418,2,Beta Eioneous
37.55070771,3.39E-09,24.90957123,alpha,26.07940133,42.9344528,,18.36323899,19.93136281,2,Beta Eioneous
21.85255606,3.60E-09,43.14773473,alpha,40.82523412,41.94255153,4770.500197,34.98437472,22.73073323,2,Alpha Hemithea
36.62606328,4.15E-09,20.25387293,alpha,25.96785982,18.16032376,6237.993588,30.80208544,29.48443328,2,Zeta Draconis
45.35702717,3.92E-09,25.6817937,alpha,38.29324622,41.9384627,3437.020015,21.36901283,18.69578503,2,Beta Eioneous
44.16633131,4.47E-09,43.00467433,alpha,39.91449096,39.48673727,3022.48045,14.72918076,29.26450105,2,Beta Eioneous
21.04992784,4.45E-09,31.50989389,alpha,41.28580502,23.30693045,3962.163732,27.6693251,25.15067803,3,Alpha Hemithea
,3.85E-09,43.00467433,alpha,41.98677339,33.76560042,3283.486058,,17.52405932,2,Alpha Boreas
31.86517459,3.34E-09,33.96459311,alpha,35.86485967,,6237.993588,18.69529802,23.28966946,2,Beta Eioneous
22.07520867,4.45E-09,37.70727659,alpha,17.15223368,28.42867569,3930.68576,37.17440898,25.6020938,2,Alpha Hemithea
36.10170043,2.67E-09,33.85267178,alpha,25.18405372,27.21705116,4625.78176,19.94252715,33.49245168,3,Gamma Saggita
24.86302804,2.67E-09,25.19934879,alpha,13.14141408,23.64278293,6237.993588,28.50127058,23.89903952,2,Alpha Boreas
24.45224831,3.83E-09,18.4058832,alpha,41.98677339,27.33101263,4690.149636,29.04650723,16.51972049,2,Zeta Draconis
44.16633131,2.89E-09,15.87814953,alpha,41.98677339,9.582172581,3878.836834,,32.52408504,3,Zeta Draconis
21.63535244,1.71E-09,44.02167533,alpha,39.30908459,22.81028739,5110.416431,,22.54278477,2,Alpha Hemithea
22.03251179,3.26E-09,40.57526704,alpha,34.08790634,28.01621948,5720.75543,37.98551415,,2,Alpha Hemithea
33.36090562,3.88E-09,26.97269271,alpha,23.86617631,41.94255153,6237.993588,40.62301756,29.47200482,3,Zeta Draconis
36.49498366,3.56E-09,23.72585665,alpha,,20.03236889,,8.965755097,13.89733447,3,Beta Eioneous
38.04899693,3.93E-09,34.1319065,alpha,,41.95986121,3322.918034,40.62301756,23.94386245,1,Beta Eioneous
16.48870214,3.36E-09,41.16068711,alpha,38.87275315,22.01799275,4738.561534,30.22848176,19.72386689,2,Alpha Hemithea
44.16633131,3.96E-09,32.6971139,alpha,37.63312107,41.62335856,2818.791241,10.31593611,23.31823795,,Beta Eioneous
36.13488861,3.37E-09,36.29498347,alpha,41.38435568,20.03236889,4056.040912,18.57819085,14.36969493,2,Beta Eioneous
37.79593378,4.63E-09,27.61575754,alpha,17.15223368,42.10104126,3241.800136,17.65944727,13.85560813,2,Beta Eioneous
24.85887891,4.45E-09,25.66907865,alpha,18.40472922,27.76989819,,32.36860441,30.4955005,3,Alpha Boreas
28.20426604,2.92E-09,18.25337919,alpha,41.98677339,32.40988249,6237.993588,25.87740787,30.34833924,,Zeta Draconis
,3.49E-09,25.16954151,,18.64763369,17.17586268,3886.449313,17.12036911,31.32438734,3,Zeta Draconis
20.18131579,4.03E-09,24.3387204,alpha,24.00667758,35.52640668,,23.02984923,22.55933647,3,Beta Eioneous
32.80936062,3.92E-09,9.148732201,,27.7595585,33.96830499,,19.18556848,34.80201176,3,Zeta Draconis
40.38101839,4.08E-09,23.39607407,,41.98677339,22.51462846,5470.262032,19.18556848,33.49245168,2,Gamma Saggita
20.18131579,4.05E-09,23.7012412,alpha,44.03608711,37.60515478,2011.315296,19.18556848,33.49245168,2,Beta Eioneous
,2.81E-09,,alpha,34.00104618,18.10448166,5874.549478,37.36327652,24.63547181,2,Alpha Hemithea
20.18131579,4.45E-09,43.00467433,alpha,17.01157143,38.63503415,5119.138808,30.4324913,29.94611019,2,Alpha Boreas
12.50329603,2.49E-09,51.88026821,alpha,39.90451757,18.97298085,,39.48188625,19.39236234,2,Alpha Hemithea
45.76584661,3.41E-09,31.87178551,alpha,,41.94255153,2727.637616,20.7943466,30.24938737,2,Beta Eioneous
37.32371511,,17.47442836,alpha,45.9785648,45.47354137,6237.993588,22.05298572,22.23794385,2,Beta Eioneous
39.27650852,4.43E-09,29.14935092,alpha,27.23142869,39.24893468,2870.227132,22.67553588,18.62219561,2,Beta Eioneous
21.33407052,4.45E-09,18.21948448,alpha,28.4868072,,2967.79997,30.31375482,32.20560369,3,Zeta Draconis
39.13604015,4.45E-09,27.37736931,alpha,16.85607505,19.99998058,5878.688228,26.11921927,31.77912323,2,Gamma Saggita
20.18131579,2.67E-09,25.68013258,alpha,35.100258,38.9806708,3137.395673,20.57781462,17.80061785,2,Beta Eioneous
30.49030539,4.69E-09,,alpha,27.5203218,30.13359315,3329.023891,40.62301756,26.03575409,2,Beta Eioneous
39.51404878,3.46E-09,43.00467433,alpha,23.80539015,22.73649969,3295.621611,19.18556848,23.3199597,3,Zeta Draconis
,2.94E-09,,alpha,,35.16974714,3961.573024,,14.64814595,2,Gamma Saggita
39.48496959,4.45E-09,31.97534823,alpha,25.87292218,41.94255153,2818.571131,33.00594159,19.8167237,3,Gamma Saggita
,3.23E-09,25.05515605,alpha,15.76496417,41.94255153,6237.993588,17.62800743,17.18013371,3,Zeta Draconis
32.14542522,3.00E-09,11.52677647,alpha,23.89036599,30.95247119,3422.03821,,4.525538276,2,Alpha Boreas
20.66005199,,20.1971875,alpha,25.07736116,37.66602994,4083.269885,33.48724352,16.51972049,2,Alpha Boreas
21.29439371,4.01E-09,27.8357185,alpha,25.72913276,14.32231548,2058.822529,21.04109616,26.14941186,3,Zeta Draconis
36.53610636,2.73E-09,20.6946724,alpha,41.98677339,28.34928757,6349.531766,30.10696251,25.18396618,3,Gamma Saggita
20.95926377,4.45E-09,43.55946891,alpha,45.71178326,30.19421213,4984.418848,35.35174221,22.37947661,2,Alpha Hemithea
24.8150513,3.27E-09,17.47442836,alpha,14.03619902,35.59733284,4290.824746,28.65596252,18.74328556,2,Alpha Boreas
33.778744,2.67E-09,19.49166537,alpha,17.15223368,39.50651664,3394.035824,40.62301756,18.30368585,3,Beta Eioneous
44.16633131,3.61E-09,24.15670751,alpha,15.14805892,38.04904921,4009.757299,27.19427961,23.57226408,2,Alpha Boreas
39.87507646,2.97E-09,,alpha,23.90989589,16.10922161,4409.918855,,35.4091954,3,Zeta Draconis
18.46178938,4.45E-09,,alpha,24.33089508,,3789.596631,27.86803412,,3,Zeta Draconis
31.72184765,3.90E-09,15.70817174,alpha,41.98677339,17.3904837,6237.993588,40.62301756,33.50511319,3,Zeta Draconis
24.82413376,3.46E-09,28.37618292,alpha,24.7740177,,4196.704977,25.44018876,21.88742118,2,Alpha Boreas
44.16633131,3.99E-09,29.01643015,alpha,39.84751085,,3380.063801,17.32791346,18.17853819,2,Beta Eioneous
31.15343411,2.59E-09,26.67645089,alpha,27.06804673,20.03236889,6712.409577,40.62301756,,3,Gamma Saggita
10.17935163,2.67E-09,34.64336735,alpha,38.66960907,28.79361023,5619.323268,36.76437779,24.32037389,2,Alpha Hemithea
29.47225751,3.57E-09,25.25607503,alpha,24.09809434,20.03236889,,40.63863844,17.78739429,2,Alpha Boreas
32.19750148,2.74E-09,28.26876264,alpha,19.51721793,29.55808506,6157.858152,22.52969697,33.49245168,2,Gamma Saggita
,3.34E-09,,alpha,28.95858333,41.94255153,4019.530509,27.99033411,,,Alpha Hemithea
44.16633131,3.65E-09,14.42744998,alpha,27.7510833,12.03139656,6237.993588,25.28750322,26.07024852,2,Zeta Draconis
37.82199332,4.13E-09,27.04375118,alpha,17.15223368,35.96124828,3792.236997,18.16132689,32.60837147,2,Beta Eioneous
45.16288881,4.45E-09,27.63113725,alpha,38.33352454,42.13899447,4114.180395,14.29655958,26.10133626,2,Beta Eioneous
39.41629427,4.45E-09,32.81946319,alpha,19.01728075,36.73181328,2818.571131,27.4600544,36.78976871,2,Gamma Saggita
40.13882536,2.85E-09,25.45685745,alpha,18.25501846,21.65285126,6098.0129,19.48310584,27.48237433,2,Gamma Saggita
31.71272923,3.26E-09,17.47442836,alpha,26.39501593,40.03231555,6237.993588,,18.71707817,3,Alpha Boreas
18.76617203,2.57E-09,43.60596633,alpha,27.74765889,31.12419463,4704.714489,38.10090726,13.39167642,3,Alpha Hemithea
27.86893548,2.89E-09,23.58085446,alpha,18.93468622,34.04537655,5866.804374,40.62301756,20.10582368,2,Alpha Boreas
40.71208894,4.13E-09,27.1895932,alpha,35.36372039,46.49781561,3311.12747,35.65871888,17.71210904,1,Beta Eioneous
24.69842855,4.45E-09,25.1544011,alpha,24.12347479,41.64635054,3808.695495,19.18556848,19.55238935,2,Alpha Boreas
23.20302126,2.49E-09,26.75976037,alpha,41.98677339,41.94255153,4074.537568,39.05557807,15.62504697,3,Alpha Boreas
44.16633131,3.42E-09,,alpha,20.57414016,19.90552291,3945.156864,23.03914403,,3,Zeta Draconis
,4.09E-09,43.00467433,alpha,27.86550766,22.58227801,2771.6144,33.98113285,30.64472525,2,Zeta Draconis
28.89814069,2.98E-09,49.30544255,alpha,36.40518486,32.14800261,5032.967737,39.00743758,17.07709938,3,Alpha Hemithea
22.61866139,2.67E-09,43.00467433,alpha,28.21446083,16.25517271,2916.38116,19.18556848,33.49245168,3,Zeta Draconis
31.92031653,2.67E-09,23.5631164,alpha,38.51920628,40.65707255,4753.078047,18.01337762,26.09584643,2,Beta Eioneous
22.83962428,3.32E-09,24.46329526,alpha,41.98677339,30.87148881,4017.734588,27.90809629,29.51358516,,Alpha Boreas
42.63021206,3.56E-09,23.47584887,alpha,,22.74827581,5702.066239,35.22668118,15.34373705,1,Gamma Saggita
33.95293506,3.31E-09,25.13016093,alpha,,36.4676732,6220.506174,,29.66535172,2,Gamma Saggita
28.00992757,3.81E-09,24.21498062,alpha,34.1494911,22.94040861,2647.997403,28.3998278,33.49245168,2,Zeta Draconis
47.90355139,3.83E-09,30.86383701,alpha,17.93020148,29.07722238,4354.586934,22.83418013,27.73803364,2,Gamma Saggita
29.11516888,5.08E-09,43.00467433,alpha,39.6357428,52.10999252,2497.023876,40.62301756,,2,Beta Eioneous
,3.40E-09,40.42873469,alpha,17.15223368,20.03236889,5650.451062,33.66464675,33.49245168,3,Alpha Hemithea
43.08528386,2.67E-09,17.47442836,alpha,20.83811444,41.94255153,5166.254623,31.02360447,33.49245168,3,Gamma Saggita
32.82715893,3.94E-09,31.98553221,alpha,30.87596259,30.41703694,3245.730532,40.62301756,23.00526091,2,Beta Eioneous
43.00269334,3.00E-09,43.00467433,alpha,23.07962559,41.76395345,5948.231155,19.98130839,23.9453022,2,Gamma Saggita
34.0371315,3.30E-09,19.16730851,alpha,52.92582191,20.03236889,4570.418626,19.15667479,14.92775837,3,Beta Eioneous
42.57010188,4.29E-09,28.14086958,alpha,42.98095889,44.77826711,2882.775769,22.40767627,24.67945792,3,Beta Eioneous
27.22845757,4.16E-09,43.00467433,alpha,33.43878305,,3027.156911,31.18662615,23.86365293,3,Zeta Draconis
23.63253797,4.45E-09,19.99054971,alpha,23.55493968,35.73118048,4998.603802,30.46364906,24.92482022,2,Alpha Boreas
39.62965587,3.83E-09,24.26959729,alpha,33.73909118,36.59604157,6237.993588,21.16932311,30.18718922,3,Beta Eioneous
23.62921834,2.46E-09,33.32110122,alpha,25.74862832,29.72883661,5771.323265,43.15821256,18.56767692,2,Alpha Hemithea
18.61900878,3.64E-09,20.74945265,alpha,27.43166787,37.64831349,4099.91634,,33.49245168,2,Alpha Boreas
37.71092959,4.41E-09,19.00547753,alpha,41.9283557,45.18904266,2595.847605,25.95486827,28.1783331,2,Beta Eioneous
33.88901336,4.45E-09,19.6294661,alpha,41.98677339,34.14670891,4690.476575,25.79884949,33.49245168,2,Alpha Boreas
27.34956408,3.50E-09,15.69736734,alpha,23.1355233,41.94255153,3804.758097,34.40169284,6.504663293,3,Alpha Boreas
,2.88E-09,35.7247703,alpha,32.83045649,34.97581576,5607.20358,36.58639958,15.86027152,3,Alpha Hemithea
44.16633131,4.45E-09,38.55102473,alpha,44.03172479,22.58488777,4233.397152,34.91184105,16.51972049,2,Alpha Hemithea
43.78225848,3.34E-09,27.17773695,alpha,,41.94255153,6415.703118,28.72240494,16.51972049,3,Gamma Saggita
20.57886311,2.72E-09,,alpha,10.02820941,36.89690166,2818.571131,37.12196517,17.16252432,3,Alpha Boreas
,2.65E-09,42.72059725,alpha,34.12797738,21.23647062,4783.718489,42.85972857,,3,Alpha Hemithea
17.92722245,3.89E-09,17.47442836,alpha,23.33329307,30.05535441,3805.675677,26.49645451,23.81726992,3,Alpha Boreas
28.84324251,3.39E-09,31.80282385,alpha,20.284287,41.94255153,,33.61108287,24.42773991,3,Alpha Boreas
41.65653377,3.60E-09,28.02152374,alpha,16.07028355,28.96103537,5888.250925,21.13664977,29.35660472,3,Gamma Saggita
30.77227743,3.86E-09,20.0194657,alpha,14.83934705,29.49708564,3420.849048,36.53154287,,3,Alpha Boreas
24.8008556,3.00E-09,24.15569627,alpha,13.65252592,36.82913604,4694.844227,38.65955398,33.49245168,2,Alpha Boreas
38.87171974,3.87E-09,24.5773044,alpha,37.00644917,40.09648759,3147.335286,26.74883667,18.1589965,2,Beta Eioneous
37.04381541,2.67E-09,17.0766111,alpha,30.87053043,41.94255153,2954.009681,,33.49245168,3,Zeta Draconis
29.28320667,3.46E-09,17.91479838,alpha,12.77065056,19.60516362,2161.706457,28.25970877,29.70865192,3,Zeta Draconis
30.76302155,3.00E-09,19.6269927,alpha,27.73058774,41.94255153,3271.391536,16.42954755,24.00342754,3,Zeta Draconis
42.2993689,4.11E-09,26.87222468,alpha,23.89355834,,6844.266748,40.62301756,16.51972049,1,Gamma Saggita
14.35890835,2.31E-09,31.30368415,alpha,34.96188798,26.92253378,5512.971174,19.18556848,22.7605804,2,Alpha Hemithea
21.09410732,2.44E-09,35.70813161,alpha,36.87916982,22.56939044,4668.16771,41.94791347,33.49245168,3,Alpha Hemithea
23.40233653,3.77E-09,18.78716884,alpha,30.90580471,,2150.310122,,33.49245168,3,Zeta Draconis
44.16633131,,15.43507045,alpha,24.24449521,18.91162687,4131.61192,27.52749186,25.94972107,2,Zeta Draconis
22.26857328,3.27E-09,18.20718446,alpha,20.55686743,19.00094912,2463.340651,22.53851194,29.16961584,3,Zeta Draconis
40.76027034,3.40E-09,24.04517113,alpha,28.15721981,,2603.431853,22.43544826,18.21687674,1,Beta Eioneous
21.72243952,3.23E-09,17.41601524,alpha,26.54184632,16.05045463,4274.667405,40.62301756,33.72660645,2,Zeta Draconis
14.30314236,2.82E-09,40.79478147,alpha,30.62072627,,6237.993588,40.62301756,18.52795966,3,Alpha Hemithea
41.21597317,4.45E-09,28.12713337,alpha,24.74713578,22.49907673,4669.916597,39.22563473,14.85273731,3,Alpha Boreas
32.01739983,2.67E-09,28.02937221,alpha,30.81566377,36.64862209,3441.267063,36.94399715,28.90649001,3,Alpha Boreas
17.13268715,3.37E-09,42.8117812,alpha,30.89545978,28.49340423,4242.52168,27.35949933,25.36417177,2,Alpha Hemithea
43.63809378,2.91E-09,26.88341811,alpha,16.69570826,23.72614746,5849.474494,27.06519848,30.66626133,,Gamma Saggita
33.07068515,4.88E-09,43.00467433,alpha,17.15223368,20.03236889,6237.993588,17.82036566,33.49245168,2,Beta Eioneous
32.75998097,3.03E-09,36.16959558,alpha,40.00195748,29.1585106,2818.571131,47.71934497,22.40246142,1,Alpha Hemithea
42.48832741,4.27E-09,28.13589825,alpha,36.2012025,41.560384,,23.00279075,30.23392663,3,Beta Eioneous
21.88026343,3.66E-09,17.47442836,alpha,26.74102764,22.75173202,2818.571131,33.74060397,31.39947632,3,Alpha Hemithea
36.26408952,3.34E-09,25.17692473,alpha,39.74851606,32.06529948,3079.679799,40.62301756,25.65484169,2,Beta Eioneous
31.06796903,4.45E-09,17.47442836,alpha,25.83932944,26.9397845,3186.836429,34.34088764,25.47426982,2,Alpha Boreas
32.53413701,3.93E-09,18.60504732,alpha,24.52130861,,4347.341081,19.18556848,24.57487938,3,Alpha Boreas
27.75026237,4.49E-09,33.4503328,alpha,46.59379897,38.26293305,4294.331536,22.67213044,33.49245168,2,Beta Eioneous
39.82846623,3.88E-09,43.00467433,alpha,,40.8735812,3303.271939,25.965961,18.11207478,2,Beta Eioneous
44.16633131,2.67E-09,43.25404859,alpha,17.15223368,32.36246981,4635.275838,37.62498561,28.18629252,2,Alpha Hemithea
29.17397835,3.52E-09,43.00467433,alpha,28.55959319,20.03236889,4157.463625,21.81386069,33.49245168,1,Alpha Boreas
20.18131579,3.56E-09,19.5439115,alpha,26.69892514,20.76851556,3121.260514,25.38749651,16.51972049,3,Zeta Draconis
44.16633131,3.30E-09,31.54388412,alpha,41.98677339,27.91938885,4741.598602,36.15514586,20.07137356,3,Alpha Boreas
44.16633131,4.45E-09,35.62547975,alpha,32.67320689,20.03236889,,33.94828947,16.69248884,2,Alpha Hemithea
23.91411981,4.45E-09,,alpha,18.0758126,29.64609275,,28.82554103,13.14844434,,Alpha Boreas
36.71094025,2.45E-09,24.86320157,alpha,41.98677339,,4243.27607,30.76477367,28.17625133,1,Gamma Saggita
44.16633131,2.41E-09,37.14155879,alpha,40.72286489,31.34774672,4612.239179,39.95915494,23.22311893,3,Alpha Hemithea
32.70881121,3.91E-09,18.92151175,alpha,,31.84173196,4049.175465,35.34749066,33.49245168,2,Zeta Draconis
33.15197065,4.45E-09,19.62618985,alpha,16.91313001,37.43700104,2818.571131,29.99252661,,3,Alpha Boreas
23.9283394,4.45E-09,32.49864832,alpha,13.15648546,29.35640774,6237.993588,35.70096552,24.25151602,2,Alpha Boreas
39.39084123,3.51E-09,27.48118853,alpha,20.77343262,21.88298557,6339.775941,22.73748639,18.56152789,2,Gamma Saggita
,3.28E-09,43.00467433,alpha,37.02613369,38.99562366,3423.371986,27.923285,33.85571578,3,Beta Eioneous
17.63651636,2.69E-09,34.68758724,alpha,38.80951006,23.20040568,5942.069057,41.54208801,18.43748703,2,Alpha Hemithea
33.99676445,3.97E-09,26.96736626,,41.98677339,18.19570778,2341.670077,40.62301756,23.9716464,2,Zeta Draconis
27.54740624,3.79E-09,19.4311962,alpha,29.23078546,18.08688472,3279.561164,20.44752753,28.41904626,,Zeta Draconis
30.73545386,3.82E-09,,,25.98821414,40.99358179,4277.04235,36.48012498,33.49245168,,Alpha Boreas
31.75902436,4.17E-09,33.93125894,alpha,26.29958471,21.74643873,5134.320649,18.88891269,23.91253824,2,Gamma Saggita
33.77531367,3.66E-09,20.81902626,alpha,,28.82883397,5003.903999,22.64866795,29.2313263,2,Gamma Saggita
41.30018894,,27.53145123,alpha,41.25867633,39.75408364,1824.770285,40.62301756,23.18529557,2,Beta Eioneous
22.34891641,3.64E-09,43.00467433,alpha,18.56426205,17.86515276,4033.813038,25.61600416,,2,Zeta Draconis
18.62382307,3.62E-09,18.82010274,alpha,25.51048588,7.934099557,3917.32028,28.53258576,,3,Zeta Draconis
41.56802427,4.63E-09,11.87232092,alpha,42.53271368,34.91631408,2810.006866,,23.11401837,3,Beta Eioneous
32.04407842,4.30E-09,25.41298585,alpha,35.3034661,35.64337289,2605.032797,15.2309403,,3,Beta Eioneous
23.17004723,4.45E-09,28.45766763,alpha,30.3549517,38.50004364,6237.993588,19.18556848,33.49245168,3,Alpha Boreas
24.87107617,4.28E-09,,alpha,35.32677767,42.22298683,2516.030896,25.23953955,29.43042514,2,Beta Eioneous
32.88791125,3.01E-09,17.47442836,alpha,23.99074188,24.21825374,,28.76481724,25.74103149,3,Gamma Saggita
20.81701018,3.45E-09,17.47442836,alpha,17.61710011,37.30233473,4121.400829,40.03103019,17.35906658,2,Alpha Boreas
11.00157533,3.83E-09,43.45679311,alpha,17.15223368,31.33183315,5448.835082,36.42587217,27.41573896,3,Alpha Hemithea
21.03517266,4.45E-09,17.47442836,alpha,24.63080157,38.03597615,2818.571131,32.92454059,29.01985148,2,Alpha Boreas
,3.60E-09,27.70923309,,23.99659974,41.94255153,7040.0438,27.99808571,,2,Gamma Saggita
31.27586187,3.51E-09,34.35787784,alpha,40.28558473,,3012.436579,17.71098401,24.79668637,2,Beta Eioneous
29.65867396,3.77E-09,27.94879297,alpha,41.98677339,36.16651775,4639.177328,40.62301756,25.24702988,2,Alpha Boreas
44.34399659,3.56E-09,25.03001924,alpha,20.76471393,29.50077107,5605.167569,20.13974225,33.49245168,2,Gamma Saggita
29.41160538,2.38E-09,42.72804524,alpha,28.26898187,30.54172212,5994.713405,36.79218098,33.49245168,2,Alpha Hemithea
43.38498306,4.45E-09,,alpha,26.02877062,28.6774922,6282.989243,,25.1832063,2,Gamma Saggita
37.33649915,3.32E-09,16.14709493,,17.73030358,11.68593528,4087.35705,26.14297792,23.74309803,2,Zeta Draconis
44.16633131,3.54E-09,43.00467433,alpha,16.41526288,20.03236889,2818.571131,33.48294371,18.06100302,2,Alpha Boreas
,3.48E-09,18.02498448,alpha,23.29244694,34.07479828,4338.400209,40.62301756,24.96716102,3,Alpha Boreas
31.10663953,3.60E-09,30.81005142,alpha,19.26008622,,3821.114126,28.21026217,33.49245168,2,Alpha Boreas
20.18131579,3.48E-09,26.56676455,alpha,18.7792508,19.0268396,3875.648679,19.10561509,28.97711409,3,Zeta Draconis
36.09069192,3.91E-09,33.59324588,alpha,44.85836431,,2094.640707,40.62301756,19.53009615,2,Beta Eioneous
28.53394344,2.72E-09,23.38933242,,18.48952867,35.79982627,4416.757704,40.62301756,,2,Alpha Boreas
38.3042157,3.48E-09,43.00467433,alpha,39.45714311,37.21344077,3148.847651,,29.83525974,2,Beta Eioneous
40.84146915,2.67E-09,24.15392966,alpha,12.8104393,29.13972151,7294.92057,32.74255446,29.16048932,2,Gamma Saggita
42.920345,3.96E-09,28.08175232,,28.61549982,,2818.571131,39.28446418,34.25319251,3,Gamma Saggita
41.66826711,3.41E-09,24.80177363,alpha,16.62583665,,5676.551681,22.98763891,25.00621207,1,Gamma Saggita
36.18921764,3.26E-09,19.44079208,alpha,19.20689757,22.08702543,2974.155585,15.26600893,29.6099252,2,Zeta Draconis
37.27233925,3.23E-09,24.88533233,alpha,17.96908814,41.43513279,4699.87803,26.7797671,16.51972049,3,Alpha Boreas
44.16633131,3.39E-09,28.83456423,alpha,24.38286202,34.84840701,2818.571131,19.18556848,,2,Alpha Boreas
30.19833115,4.17E-09,25.17288404,alpha,19.25688246,35.25384207,4036.100461,27.56106961,,3,Alpha Boreas
42.53046667,3.77E-09,23.77443187,alpha,25.71161487,37.60306105,5927.478737,40.62301756,19.27883089,2,Gamma Saggita
24.07468202,4.51E-09,43.71127219,alpha,32.65913494,34.417326,4481.782471,42.01378645,27.88585881,3,Alpha Hemithea
39.93266076,2.67E-09,28.11093214,alpha,29.38968843,41.94255153,5664.605613,27.05493244,33.64698732,3,Gamma Saggita
36.15336035,,17.47442836,alpha,17.15223368,41.50172597,2447.390585,22.29032995,15.58587847,3,Beta Eioneous
39.64820648,3.51E-09,35.24494614,alpha,9.993697555,34.52274108,5517.655584,40.62301756,15.18753725,2,Gamma Saggita
39.84824567,2.64E-09,14.4708669,alpha,20.33280838,23.20997609,2869.142874,28.41465818,29.41604004,3,Zeta Draconis
19.9621743,2.11E-09,41.41359332,alpha,40.69062145,24.29054395,5518.838812,37.21992871,16.51972049,3,Alpha Hemithea
30.57654454,2.75E-09,37.87543096,alpha,28.46774366,27.25441872,4189.540722,39.58304341,14.61126029,3,Alpha Hemithea
29.24919766,4.34E-09,15.22739446,alpha,26.31385291,34.59818831,5428.822411,34.08748995,27.39249376,2,Gamma Saggita
27.57605119,4.33E-09,43.00467433,alpha,40.39605768,,2556.017097,,6.98621441,3,Beta Eioneous
47.21611364,2.70E-09,33.64079137,alpha,23.51360769,20.03236889,5089.49998,40.62301756,25.14511379,3,Gamma Saggita
36.50498606,3.64E-09,25.72407784,alpha,16.28858944,28.74689426,5374.748271,27.21872791,15.93310089,2,Gamma Saggita
51.07684372,3.48E-09,27.74876572,alpha,27.744778,31.61155407,6661.077647,19.75427113,30.62336367,2,Gamma Saggita
21.88582482,3.84E-09,26.46044957,alpha,19.60968587,29.50887467,3837.441819,30.02169127,25.40078106,3,Alpha Boreas
38.17292307,3.23E-09,23.54948291,alpha,19.64038524,21.51407535,4977.263709,12.87193274,23.88627422,,Gamma Saggita
44.16633131,2.99E-09,26.96019138,,38.35211847,32.26086884,3011.255948,19.18556848,16.51972049,2,Alpha Boreas
24.08188497,3.59E-09,28.74526905,alpha,18.99637649,20.03236889,4165.297957,,18.97963718,2,Alpha Boreas
41.88270631,4.76E-09,,alpha,35.42551619,41.8129078,3913.415383,28.70771133,33.49245168,3,Beta Eioneous
,3.88E-09,28.32015584,alpha,,37.20780348,2603.52038,,25.70938015,3,Beta Eioneous
20.18131579,4.33E-09,37.23340417,,42.77295813,34.95953358,1913.84732,28.25712334,28.51586844,3,Beta Eioneous
29.45162105,3.59E-09,17.47442836,alpha,38.51398857,,3962.790723,17.20286999,26.2889126,2,Beta Eioneous
42.99734724,3.35E-09,43.00467433,alpha,23.41968655,41.94255153,5366.769382,40.62301756,23.75350725,2,Gamma Saggita
36.19737769,3.38E-09,34.2975653,alpha,30.21235622,20.03236889,1739.108908,22.60202504,12.91825557,2,Beta Eioneous
50.66885643,3.50E-09,17.47442836,alpha,19.11555328,23.81866308,5851.280239,29.59689695,31.40374899,2,Gamma Saggita
28.57667155,2.71E-09,26.79002873,alpha,25.41853095,24.09987857,4369.2231,17.62121218,33.49245168,3,Alpha Boreas
33.75230341,3.37E-09,25.19569952,alpha,35.90125359,45.25957773,3209.634357,13.04869752,24.08650535,3,Beta Eioneous
32.48061122,,,alpha,18.89122127,26.96691736,3860.766479,30.61471545,24.62996113,2,Alpha Boreas
37.69418915,3.50E-09,,alpha,42.69085458,35.94538963,4334.975672,21.87966383,25.24716654,2,Beta Eioneous
24.14049552,2.29E-09,27.28492443,alpha,9.61448812,19.71462881,6237.993588,25.77051109,30.83700005,3,Zeta Draconis
44.16633131,4.02E-09,13.08389449,alpha,41.98677339,41.94255153,6237.993588,21.12363035,23.33647963,2,Zeta Draconis
36.75323973,4.45E-09,43.00467433,alpha,13.37370985,27.10147434,4506.170878,21.99327595,17.68091237,3,Alpha Boreas
24.85139059,4.45E-09,15.76502481,alpha,17.15223368,23.14048437,3029.494226,40.62301756,22.37377803,3,Zeta Draconis
15.90108637,2.86E-09,40.58923303,alpha,40.62100988,15.25328971,,35.98719245,13.3500922,3,Alpha Hemithea
32.66774216,4.50E-09,18.96263545,alpha,24.05757809,37.47465498,5533.980496,27.10622299,19.5416509,3,Alpha Boreas
32.27151935,3.30E-09,23.46956774,alpha,41.98677339,22.01516247,4521.6529,19.18556848,28.99082774,2,Zeta Draconis
44.16633131,3.82E-09,20.13583212,alpha,41.98677339,32.4194559,6237.993588,22.97348182,29.57424891,3,Zeta Draconis
,3.39E-09,33.4566794,alpha,36.52454626,41.94255153,5151.35665,40.62301756,23.32943318,2,Alpha Hemithea
40.96818146,3.25E-09,27.77795994,alpha,19.10414734,24.01299423,5303.044726,30.09344798,24.91681243,3,Gamma Saggita
33.36424453,3.77E-09,27.18836022,alpha,33.96601649,38.32321113,3450.48262,,27.18248833,2,Beta Eioneous
16.77598852,4.45E-09,39.35758329,alpha,36.35691526,28.74329368,4466.245475,41.98784787,30.4878419,2,Alpha Hemithea
28.06599243,4.54E-09,25.81536133,alpha,33.95167671,39.23549271,2140.124076,40.62301756,23.95799833,3,Beta Eioneous
33.84907258,3.55E-09,19.17445968,alpha,,30.78226719,4094.338409,37.98443357,32.64020173,3,Alpha Boreas
45.32399113,3.57E-09,17.47442836,alpha,36.71269203,37.37814218,2865.913182,19.38573247,,2,Beta Eioneous
36.40033567,3.38E-09,24.47387204,alpha,41.98677339,27.87800326,6429.56319,,,2,Gamma Saggita
17.71321818,2.99E-09,47.97252831,alpha,17.15223368,22.37405905,5041.13657,47.0114872,19.78282059,3,Alpha Hemithea
38.08379098,2.67E-09,25.42277264,alpha,15.52654223,20.03236889,5312.989574,22.63261784,31.65307575,3,Gamma Saggita
20.18131579,4.11E-09,23.87440697,alpha,41.98677339,34.35457603,4708.019066,27.75297983,33.49245168,3,Alpha Boreas
17.10867347,2.95E-09,34.06065239,alpha,33.44272116,26.64303515,,34.9115748,33.49245168,2,Alpha Hemithea
24.69942833,4.45E-09,17.50723726,alpha,28.28125652,32.58705514,6237.993588,,23.52269375,3,Alpha Boreas
44.16633131,2.67E-09,16.91607853,alpha,19.91182822,28.89037903,2781.861722,30.8958608,16.51972049,2,Alpha Boreas
31.30605793,2.92E-09,17.24790925,alpha,18.74173078,15.8012696,2336.76051,25.87181535,32.0994432,,Zeta Draconis
33.34077202,3.59E-09,17.47442836,alpha,25.73630599,41.94255153,5638.875231,26.50592489,21.865584,2,Gamma Saggita
36.16356435,3.62E-09,,alpha,39.21478037,38.60004032,3221.147265,40.62301756,19.70066672,2,Beta Eioneous
16.63371501,2.72E-09,45.79814869,alpha,17.15223368,27.26264728,5988.341409,37.00407498,,2,Alpha Hemithea
44.13203652,3.34E-09,43.00467433,alpha,41.98677339,20.03236889,4788.109548,27.85532467,27.46481219,2,Gamma Saggita
20.18131579,4.22E-09,25.11477725,,17.86722189,34.16488112,3317.992259,21.17808073,23.38119206,3,Alpha Boreas
32.31827152,3.97E-09,43.00467433,alpha,33.86383883,20.03236889,,16.49930266,15.70920975,3,Beta Eioneous
43.65696638,4.06E-09,20.14127555,alpha,42.38025605,38.50792198,2463.409436,18.71734009,15.68278291,2,Beta Eioneous
44.16633131,4.45E-09,25.109844,alpha,19.25480737,29.93568926,4196.449016,38.05631387,23.14729944,2,Alpha Boreas
44.16633131,,13.64998361,alpha,23.4752719,21.99385999,3388.532071,19.18556848,32.7664538,3,Zeta Draconis
29.21192382,2.67E-09,43.00467433,alpha,19.88093277,28.70913951,6237.993588,27.76717207,25.01154672,2,Alpha Boreas
29.44753606,3.42E-09,,alpha,41.98677339,41.7927212,4678.079853,35.21993999,16.51972049,3,Alpha Boreas
18.04239646,4.45E-09,34.22649195,,36.52697867,30.10600242,2818.571131,19.18556848,31.63723679,3,Alpha Hemithea
20.3067607,3.67E-09,12.759879,alpha,23.43320805,14.28507234,3813.937107,19.18556848,20.00223588,3,Zeta Draconis
23.58012959,4.45E-09,12.69526947,alpha,24.6907023,21.50291958,2496.99779,34.26491382,29.62145418,2,Zeta Draconis
41.29366537,3.42E-09,23.95450176,alpha,34.36043417,45.03220315,2744.424726,19.84942566,17.81747386,3,Beta Eioneous
44.16633131,3.63E-09,18.55730078,alpha,26.35512446,20.07972198,2173.489046,,25.81288553,,Zeta Draconis
37.81309741,2.67E-09,26.93768953,alpha,19.44449205,31.97979393,5122.793629,27.77321851,19.95277584,2,Gamma Saggita
36.36219088,4.11E-09,,alpha,19.12668994,34.37501502,5028.138229,25.45683364,23.48295634,3,Gamma Saggita
37.38237184,3.53E-09,19.57184485,alpha,37.99875354,48.31558182,2627.378335,19.60577286,,2,Beta Eioneous
19.53143481,2.91E-09,17.47442836,alpha,35.96198653,29.59022377,5055.96663,39.70470129,23.05648236,,Alpha Hemithea
11.62196733,3.26E-09,36.28763383,alpha,30.81319588,20.03236889,5600.744463,46.65889296,10.44994935,2,Alpha Hemithea
22.10665291,4.33E-09,8.469374931,alpha,18.35695354,20.6272855,6237.993588,20.87766947,24.02395644,3,Zeta Draconis
20.14124629,3.93E-09,12.27328326,alpha,41.98677339,41.94255153,2818.571131,25.97113831,27.97829254,3,Zeta Draconis
20.07209065,2.93E-09,24.20659279,alpha,19.63592095,15.22715885,6237.993588,,32.8571081,2,Zeta Draconis
44.16633131,3.23E-09,43.00467433,alpha,12.83358476,10.64165857,3246.008568,27.99461486,30.67728989,,Zeta Draconis
38.04057049,3.84E-09,19.18731324,alpha,41.98677339,27.87368175,4424.623266,33.75237492,29.73611788,2,Gamma Saggita
37.81448417,4.93E-09,16.35946178,alpha,33.70186755,39.35960821,3311.035876,20.30876946,26.19254155,3,Beta Eioneous
22.59098757,2.41E-09,37.02580993,alpha,35.78114293,30.64730752,4717.797943,41.23643988,24.89495384,2,Alpha Hemithea
36.35374873,4.45E-09,26.89827902,,41.98677339,28.8659126,6475.422431,40.62301756,29.68078936,3,Gamma Saggita
42.98454867,3.92E-09,30.54927465,alpha,29.72950706,29.36089149,6481.877845,,27.51346733,3,Gamma Saggita
31.27698873,2.67E-09,17.4809187,alpha,23.44508481,26.89718821,5957.025535,19.18556848,38.17184514,3,Gamma Saggita
20.40343816,3.78E-09,39.71746252,alpha,29.99346987,34.78370149,5325.37698,35.43497347,25.6689619,2,Alpha Hemithea
24.46887196,,26.44481713,,18.53082515,39.6360758,,29.77762191,16.84702669,2,Alpha Boreas
,2.67E-09,30.88867563,alpha,37.21941467,20.03236889,3149.895873,19.68327317,13.75955977,2,Beta Eioneous
44.16633131,2.67E-09,30.97851703,alpha,27.35035839,35.65920744,4129.703729,30.24860393,14.28448346,2,Alpha Boreas
24.44764861,2.67E-09,25.41992173,alpha,19.96833861,28.15599911,4792.358794,19.18556848,22.38262932,3,Alpha Boreas
44.16633131,4.45E-09,17.05513914,alpha,27.41472522,16.31287755,2780.048037,20.65142738,33.67338286,3,Zeta Draconis
13.22860154,4.45E-09,44.90857526,alpha,32.97255602,21.00038989,3071.213048,39.60571283,15.77217678,2,Alpha Hemithea
15.1152445,2.26E-09,36.56053746,alpha,34.23098956,28.73107211,4427.08186,28.02576597,24.9337018,2,Alpha Hemithea
44.16633131,4.45E-09,20.41153854,alpha,20.81536906,41.94255153,,40.62301756,28.40742652,2,Zeta Draconis
46.18171779,2.68E-09,25.22555816,alpha,20.85591811,32.08523654,6702.168884,29.3805144,,2,Gamma Saggita
32.05317332,3.97E-09,43.00467433,alpha,39.36240493,36.36737828,3820.595333,40.62301756,33.49245168,2,Beta Eioneous
44.16633131,,41.40074906,alpha,,14.60734154,3993.897434,21.86401402,22.06109816,3,Alpha Hemithea
33.84556973,3.84E-09,43.00467433,alpha,27.16182894,31.09554135,4094.63167,40.62301756,25.30402846,3,Alpha Boreas
33.66412811,3.48E-09,31.84099905,alpha,41.92107552,36.66262951,1597.609114,22.21892238,33.49245168,2,Beta Eioneous
35.78405258,3.56E-09,,alpha,29.27656954,32.25057283,2494.398227,28.61668918,23.2979382,2,Beta Eioneous
42.7366089,3.92E-09,26.47857597,alpha,30.70696938,29.35397802,5597.012305,30.27667865,29.69591079,2,Gamma Saggita
44.95529541,3.54E-09,20.05673704,alpha,19.78810514,27.44093904,6462.966681,15.52543448,26.00828442,,Gamma Saggita
31.68840357,3.62E-09,19.58067483,alpha,23.4560677,41.94255153,2959.565618,27.28360002,38.38405407,,Zeta Draconis
33.97572888,,24.88353032,alpha,41.98677339,41.94255153,4729.41465,33.28056923,31.50962102,3,Gamma Saggita
36.98219448,2.67E-09,43.00467433,alpha,38.46895902,49.16733464,3792.553985,20.26809017,30.03681824,2,Beta Eioneous
36.47823427,2.67E-09,27.8931476,alpha,,43.56383834,6237.993588,28.11568346,28.95541356,3,Beta Eioneous
17.38936502,,46.81242821,alpha,34.77954066,32.21478546,5270.850947,33.95720944,14.1229366,3,Alpha Hemithea
20.64647387,4.45E-09,43.00467433,alpha,41.98677339,20.96947705,2801.17775,40.62301756,33.49245168,2,Zeta Draconis
33.24087041,4.64E-09,32.49691984,alpha,37.37356026,40.11173466,6237.993588,12.00041223,23.88280317,1,Beta Eioneous
,,15.18400457,alpha,24.85025217,41.94255153,,25.42577743,25.00774075,2,Zeta Draconis
44.16633131,,37.79333456,,30.40796062,30.00823502,5591.90366,38.16838293,20.09459644,3,Alpha Hemithea
43.94726451,2.71E-09,20.5553567,alpha,23.69171959,31.51665515,5332.598833,26.34270752,33.49245168,2,Gamma Saggita
33.13078269,4.29E-09,13.87217446,alpha,17.57345727,14.31139394,,32.58863438,30.5522142,3,Zeta Draconis
23.30202565,3.92E-09,28.17715903,alpha,18.21781879,31.89593439,2818.571131,19.18556848,19.99669659,2,Alpha Boreas
44.16633131,3.86E-09,39.68144295,,14.68443666,20.03236889,3172.235256,40.62301756,33.49245168,3,Alpha Boreas
13.17014611,2.98E-09,47.51449063,alpha,20.26931738,33.93978297,,33.1048548,18.44711407,2,Alpha Hemithea
27.43501812,2.78E-09,26.28034663,alpha,17.15223368,24.11885541,3790.677557,29.64060309,33.49245168,2,Alpha Boreas
,2.95E-09,,alpha,41.98677339,28.58229922,2716.540229,28.49450902,,,Zeta Draconis
52.83904947,4.15E-09,26.89180123,alpha,,30.99239884,6487.285046,34.87859535,16.51972049,2,Gamma Saggita
41.36097791,4.24E-09,24.3112034,alpha,35.73016404,42.67318352,2654.600587,20.05050056,19.7690449,2,Beta Eioneous
43.22292024,3.64E-09,,alpha,17.15223368,41.26729977,2551.498677,23.07217708,23.61529488,2,Beta Eioneous
40.3666483,2.94E-09,18.39262468,alpha,41.98677339,27.94526009,6025.41387,26.20153927,33.49245168,2,Gamma Saggita
21.57565561,,47.22439725,alpha,30.62607949,18.77222413,6322.187863,33.60917894,17.58517182,2,Alpha Hemithea
23.50152083,4.04E-09,28.15304716,alpha,16.41358025,18.85498461,2878.322863,40.62301756,32.04915468,2,Zeta Draconis
39.06243731,2.33E-09,18.27245328,alpha,16.16432863,27.64321639,5886.245409,23.0261647,19.59188082,2,Gamma Saggita
23.19256692,2.67E-09,23.28463269,alpha,41.98677339,35.53086058,4453.698128,41.19562818,16.51972049,2,Alpha Boreas
46.83779595,2.95E-09,28.50876247,alpha,,41.59017075,,15.18518804,19.13796075,3,Gamma Saggita
30.23226236,3.37E-09,43.00467433,alpha,26.15342633,23.65116123,,27.47340132,22.86082783,3,Zeta Draconis
43.91305866,2.72E-09,43.00467433,alpha,17.01925896,32.13780803,,21.35975477,28.0447258,2,Gamma Saggita
28.77046188,3.35E-09,42.74936724,alpha,28.96743286,20.03236889,5630.609803,34.29850563,33.49245168,3,Alpha Hemithea
46.98448387,4.45E-09,27.02336466,alpha,41.98677339,37.49443184,5108.252387,28.26678143,34.57177234,3,Gamma Saggita
24.71156846,3.54E-09,17.7862542,alpha,19.87827439,19.8120402,3216.281141,27.81450013,28.61072225,2,Zeta Draconis
35.76255395,3.48E-09,28.42256076,alpha,17.15223368,24.21697792,6607.582572,,33.49245168,3,Gamma Saggita
23.44692206,4.45E-09,17.47442836,alpha,41.98677339,31.32018547,5222.386499,34.57845398,28.15341392,2,Alpha Boreas
37.47407869,3.01E-09,43.00467433,alpha,14.04720163,28.01978619,4371.255138,19.18556848,16.51972049,2,Alpha Boreas
38.87970844,3.39E-09,25.40048185,alpha,16.77186508,35.80912453,5168.075834,40.62301756,25.87474514,3,Gamma Saggita
27.36515339,3.84E-09,16.49556537,alpha,23.71643707,20.89566677,3157.782567,40.62301756,,2,Zeta Draconis
,3.49E-09,15.74827875,alpha,15.25850009,,2090.809827,36.20903561,25.59805572,2,Zeta Draconis
27.68505625,3.64E-09,15.13353992,alpha,41.98677339,33.94486594,5314.793437,27.61940579,25.98906094,3,Alpha Boreas
44.55041718,2.98E-09,18.28830467,alpha,11.54676656,29.35615509,2818.571131,40.62301756,29.2777633,2,Gamma Saggita
16.45222967,,24.32582111,alpha,,26.97032183,5066.55906,,35.30850835,3,Alpha Boreas
44.16633131,3.27E-09,38.36055758,alpha,33.88403244,27.67081459,6463.210157,32.88729984,17.58409957,3,Alpha Hemithea
,4.27E-09,27.48826737,alpha,41.98677339,26.75626004,,,26.11630345,3,Gamma Saggita
29.21505178,2.93E-09,35.8777287,alpha,,13.63193882,4425.37778,42.52600603,19.17503745,3,Alpha Hemithea
49.15122194,4.72E-09,23.24595362,alpha,23.07512294,32.54901873,3835.850559,,24.01584798,1,Gamma Saggita
16.94850023,2.23E-09,32.86325585,,43.51262295,41.94255153,5440.562656,32.47130273,,2,Alpha Hemithea
,3.51E-09,43.97370039,alpha,25.86258155,29.83302524,4303.714074,45.80682626,33.49245168,2,Alpha Hemithea
44.16633131,2.14E-09,33.56203687,alpha,29.47977949,41.94255153,3966.957054,25.75379039,28.88134324,2,Zeta Draconis
44.16633131,3.31E-09,17.76915424,alpha,23.73462653,20.73370985,3994.455742,25.67222701,33.35510938,3,Zeta Draconis
39.31633818,2.78E-09,24.54937675,alpha,17.15223368,29.3314464,6764.869248,33.57796518,23.41018604,2,Gamma Saggita
30.84370178,4.45E-09,15.89900856,alpha,,41.94255153,3096.946924,,32.79807934,3,Zeta Draconis
34.30190984,4.00E-09,26.1579029,alpha,17.15223368,15.97890613,3404.165831,30.43397277,17.50037314,3,Zeta Draconis
20.18131579,,18.07234703,alpha,26.51280174,30.00130317,,29.07516554,16.51972049,3,Zeta Draconis
42.10774156,3.26E-09,31.58548338,alpha,20.07458392,27.16051609,6237.993588,21.94321771,23.34878857,2,Gamma Saggita
22.48443516,2.67E-09,36.05425675,alpha,33.73376122,22.26845681,5054.422222,41.91195949,13.04118988,3,Alpha Hemithea
27.36578731,2.12E-09,23.58975555,alpha,23.42458473,18.77977736,,26.20607953,,,Zeta Draconis
48.80387374,3.88E-09,25.5896928,alpha,41.98677339,,5457.800308,28.29451786,22.75708345,,Gamma Saggita
20.55331088,4.45E-09,31.2791413,alpha,35.11370681,30.25453077,4193.133229,19.18556848,13.42650935,3,Alpha Hemithea
20.18131579,3.82E-09,43.00467433,alpha,43.07871446,39.30354011,3303.470401,13.24786156,16.97199918,2,Beta Eioneous
38.48766739,3.48E-09,18.55566539,alpha,41.98677339,28.91926553,5794.874656,16.49822097,27.73094898,2,Gamma Saggita
17.80583897,2.74E-09,44.28906522,alpha,32.70349373,,,42.36324282,14.82952304,2,Alpha Hemithea
19.69282048,2.03E-09,37.85393772,alpha,33.7761346,22.0420606,6365.30851,39.92865338,,2,Alpha Hemithea
18.26451744,,40.07144218,alpha,34.03204368,30.32005432,5641.780631,42.84868415,33.49245168,1,Alpha Hemithea
30.16230759,3.92E-09,43.67808747,alpha,33.73970787,28.12258511,4601.121852,34.49536658,11.22963517,2,Alpha Hemithea
36.13124263,3.93E-09,27.2771278,alpha,18.84526281,29.6331108,4190.551123,28.72912828,15.27281318,3,Gamma Saggita
16.45038178,2.32E-09,30.65070217,alpha,27.49736124,31.81591643,4158.726168,42.2811864,,3,Alpha Hemithea
38.11172337,,26.57632889,alpha,20.59639349,36.13130884,6990.789572,36.06019466,,3,Gamma Saggita
39.50804071,2.63E-09,34.4786203,alpha,,22.76932269,6285.439416,22.35270573,32.4955453,2,Gamma Saggita
22.04106127,3.29E-09,32.05539973,alpha,33.60718753,21.41123894,4649.948042,34.67988644,17.45205651,2,Alpha Hemithea
33.70364115,4.45E-09,42.60534408,alpha,27.08252889,27.78471348,5016.278645,39.51937338,16.54612668,3,Alpha Hemithea
33.69406805,2.75E-09,27.26088636,alpha,19.47424329,16.11389562,3905.03401,29.0305713,31.63092666,3,Zeta Draconis
15.68783918,2.62E-09,39.33439668,,24.90992857,19.07525625,5449.260431,36.76944046,33.49245168,2,Alpha Hemithea
42.02526443,4.65E-09,26.95841879,alpha,45.15586806,38.23374207,4661.57781,21.45588354,24.43598067,2,Beta Eioneous
44.16633131,3.54E-09,18.51109425,alpha,26.18384127,20.10599282,3978.999118,25.47333641,31.35944677,2,Zeta Draconis
44.16633131,2.51E-09,39.32527263,alpha,42.24067095,27.11373369,5125.054738,35.21685421,3.186136497,2,Alpha Hemithea
40.84617041,4.45E-09,20.94659691,alpha,28.50087161,32.10987711,5250.57083,19.83900745,30.76907565,2,Gamma Saggita
38.6043523,2.67E-09,25.48327228,,17.15223368,35.77224402,6201.866208,25.76660019,38.14525931,3,Gamma Saggita
48.00325907,4.20E-09,43.00467433,alpha,36.67172419,41.30698716,,25.27932721,,1,Beta Eioneous
44.16633131,4.02E-09,27.98330489,alpha,41.98677339,18.04346107,2363.350507,28.77501695,30.29880107,3,Zeta Draconis
32.33592401,3.90E-09,27.35692021,alpha,44.94782935,35.61416864,3298.847055,9.064805751,33.49245168,3,Beta Eioneous
47.77900166,2.67E-09,28.64404835,alpha,20.14401938,37.76328361,5332.756678,34.94506735,25.8177111,3,Gamma Saggita
39.06768258,3.55E-09,28.76576319,alpha,23.38592416,20.03236889,3318.200226,40.62301756,,2,Alpha Boreas
41.00952797,4.45E-09,15.77668517,alpha,27.60825151,30.2207521,5784.004627,33.14788997,32.47989451,1,Gamma Saggita
22.46867769,2.73E-09,45.28837138,alpha,29.59179601,23.43307913,4974.720138,41.63909957,25.23083969,3,Alpha Hemithea
27.3942966,3.32E-09,23.92759989,alpha,,41.94255153,4245.209455,40.62301756,33.34277909,2,Zeta Draconis
40.85607824,4.46E-09,26.12829633,alpha,33.26332664,36.30931941,1992.651101,,24.18956247,3,Beta Eioneous
,3.26E-09,30.81353201,alpha,41.98677339,20.5383385,6028.54768,25.90387237,24.08913732,2,Gamma Saggita
40.29781193,2.67E-09,39.90930098,alpha,18.72706467,23.97814176,6053.142931,25.88386059,34.02189936,3,Gamma Saggita
44.16633131,3.85E-09,,alpha,28.17627061,28.8081586,6237.993588,29.96194472,25.33070926,3,Zeta Draconis
32.45752963,2.54E-09,27.98292659,alpha,24.17854863,22.01163459,5405.693179,40.62301756,22.8800319,2,Gamma Saggita
33.94283634,2.27E-09,28.49734713,alpha,20.19590471,20.03236889,5212.674619,,22.36291027,2,Gamma Saggita
36.54582545,3.24E-09,25.13726025,,34.82566257,47.51994676,2818.571131,22.87853261,18.6449459,2,Beta Eioneous
30.47245725,3.39E-09,26.30040509,alpha,19.85122161,26.69196871,,29.78474109,24.63126481,3,Alpha Boreas
33.99700812,3.55E-09,18.00584719,alpha,24.17129319,20.497786,6459.486049,37.18641857,18.58123653,2,Gamma Saggita
,,13.90356551,alpha,20.20624698,20.85258258,2972.81212,25.8942423,29.14869669,3,Zeta Draconis
33.43196813,3.58E-09,20.93997326,alpha,,39.31995084,3226.925101,40.62301756,28.7773224,3,Beta Eioneous
49.54103886,4.05E-09,19.57344232,alpha,17.66141787,28.00529263,5253.644641,26.53935996,13.38680501,1,Gamma Saggita
14.17314382,2.75E-09,47.6751761,alpha,37.05273709,26.82280905,5681.785667,34.6525646,31.73402643,3,Alpha Hemithea
44.16633131,2.77E-09,32.08004297,alpha,13.56843893,30.08086836,,27.26376912,33.49245168,3,Alpha Boreas
19.73357364,2.62E-09,34.46258231,alpha,35.05246999,18.37186625,5229.552766,46.14624025,23.69700165,3,Alpha Hemithea
40.12450379,3.60E-09,21.12163192,alpha,20.62320091,34.78421288,2818.571131,20.18423732,16.43628211,3,Gamma Saggita
47.45138699,3.56E-09,30.80757705,alpha,26.57649424,37.75503722,2818.571131,40.62301756,22.64301004,,Gamma Saggita
30.11630348,,17.59340563,alpha,19.61789295,,2818.571131,30.83590315,24.51165096,3,Zeta Draconis
20.18131579,3.80E-09,27.46505021,alpha,25.6000459,20.98913765,2818.571131,19.18556848,23.48937401,3,Gamma Saggita
19.91957448,2.40E-09,37.07596779,alpha,29.55268361,34.86057392,4470.729529,37.99395335,9.468923756,3,Alpha Hemithea
42.63419529,4.45E-09,43.00467433,alpha,18.0794028,35.50632684,5017.435002,21.92945143,,2,Gamma Saggita
29.87788611,3.40E-09,15.18351553,alpha,16.99299479,41.94255153,6237.993588,22.84385552,16.51972049,2,Zeta Draconis
44.16633131,3.28E-09,,,23.31597361,,5185.79602,19.18556848,36.01394024,3,Alpha Boreas
32.67535347,4.84E-09,14.245615,alpha,36.93586079,41.66422039,2641.222299,25.2756834,24.99032526,2,Beta Eioneous
20.18131579,,16.6001196,alpha,28.43613022,28.34721566,5532.196426,27.9066121,33.07721177,2,Gamma Saggita
29.64773435,4.06E-09,17.47442836,alpha,26.38105429,,6237.993588,26.10553484,27.72889077,3,Alpha Boreas
28.39051382,3.59E-09,21.17418799,alpha,24.68890132,15.16178391,6237.993588,27.6648623,27.58395255,3,Zeta Draconis
47.56327637,2.90E-09,27.15204699,alpha,41.98677339,24.26652682,5035.598363,18.78579262,33.49245168,2,Gamma Saggita
44.16633131,2.67E-09,14.89285777,alpha,13.56931293,41.94255153,6237.993588,37.46423981,33.49245168,3,Zeta Draconis
41.77704967,2.82E-09,31.43759773,alpha,15.3950305,31.1935256,4749.643083,22.88121827,27.91965331,2,Gamma Saggita
20.18131579,4.43E-09,30.831417,alpha,33.34072444,41.7694267,,26.61250183,29.71114144,2,Beta Eioneous
22.53958957,4.12E-09,18.34587165,alpha,18.67783953,26.85117901,3204.753319,34.20175573,25.27417938,2,Zeta Draconis
,4.51E-09,43.00467433,,39.95845249,20.03236889,1446.60216,18.24996855,17.97527109,2,Beta Eioneous
22.1468526,2.75E-09,17.47442836,alpha,36.31285635,24.20756912,4220.150615,,17.15743034,2,Alpha Hemithea
48.08937321,2.96E-09,15.98942919,alpha,13.52285116,30.54537824,5064.832415,40.62301756,28.17358826,2,Gamma Saggita
,2.08E-09,37.0952474,alpha,17.15223368,20.03236889,6907.764713,36.71688218,22.14249026,2,Alpha Hemithea
44.16633131,3.48E-09,,,17.15223368,,,31.08299625,29.0092594,,Zeta Draconis
,3.76E-09,,alpha,15.99290445,27.75029845,5272.93487,28.69906966,16.51972049,3,Gamma Saggita
42.47909354,3.52E-09,32.67105885,,41.79207135,38.23389473,3229.280214,16.13438391,,2,Beta Eioneous
37.66737857,3.49E-09,43.00467433,alpha,41.08601095,23.60449462,2818.571131,17.73637344,26.12072039,2,Beta Eioneous
28.20266892,2.66E-09,43.00467433,alpha,41.98677339,35.10707832,3857.053599,38.49841925,25.75386305,2,Alpha Boreas
44.16633131,4.45E-09,25.29765928,alpha,25.71397245,34.05132086,5024.966478,32.73486112,25.60338029,3,Alpha Boreas
42.93139066,2.66E-09,28.34306941,alpha,35.56098456,38.0864355,3410.557708,14.98124614,33.49245168,2,Beta Eioneous
46.65155021,2.93E-09,24.49735965,alpha,17.31626133,18.53886577,,21.0916321,33.49245168,2,Gamma Saggita
38.66269293,3.55E-09,27.14496348,alpha,38.92072669,32.45032861,2867.805009,14.56591076,24.17443056,1,Beta Eioneous
,2.78E-09,,alpha,41.98677339,30.87905965,2857.201519,16.13458924,33.49245168,3,Zeta Draconis
32.21380121,4.23E-09,27.36100984,alpha,37.76478583,38.77661969,4165.096474,40.62301756,24.55704483,2,Beta Eioneous
36.64732228,4.65E-09,28.60191493,alpha,36.52441344,32.08932781,1249.174809,27.16657303,25.38610568,1,Beta Eioneous
31.93147352,4.26E-09,,alpha,27.3556342,,4053.055494,33.4706678,22.59556427,3,Alpha Boreas
37.26375743,4.45E-09,43.00467433,alpha,23.9544648,27.15695184,6008.263853,28.53997484,,2,Gamma Saggita
29.06537673,4.45E-09,16.8962508,alpha,27.70507897,18.03105889,4337.966862,29.61388035,20.06498236,3,Zeta Draconis
30.64050855,3.49E-09,25.81119166,alpha,20.1033915,28.40136083,4368.734316,,23.33211719,3,Alpha Boreas
44.16633131,3.41E-09,14.68378247,alpha,23.04165674,28.7678337,3848.569259,40.62301756,16.51972049,3,Alpha Boreas
18.26816688,2.87E-09,41.00940735,alpha,36.33435409,24.27764027,6237.993588,43.71343652,30.60250681,2,Alpha Hemithea
21.22232395,4.45E-09,27.1480307,alpha,12.93762608,39.34407546,4325.762058,41.98698923,33.49245168,3,Alpha Boreas
45.16200906,3.43E-09,17.47442836,alpha,23.0916592,37.01445715,6237.993588,33.2860422,30.82460086,2,Gamma Saggita
40.6042115,4.31E-09,25.27325278,alpha,40.65210831,41.94668233,6237.993588,26.75180458,19.55178678,3,Beta Eioneous
30.79324531,2.74E-09,17.39050517,alpha,24.26332983,,3814.751104,27.40177577,33.23698703,2,Zeta Draconis
37.2946693,3.64E-09,19.73923178,alpha,27.34902637,29.44393577,5634.130722,28.0642361,33.49245168,2,Gamma Saggita
41.18781276,4.31E-09,26.40067991,alpha,30.90364528,29.29963201,,27.15366365,31.49162534,2,Gamma Saggita
28.0516494,2.94E-09,43.00467433,alpha,,29.82549325,,30.91220096,29.69858377,3,Alpha Boreas
39.5970706,2.96E-09,43.00467433,alpha,13.32227013,41.94255153,5641.639898,,19.35466933,2,Gamma Saggita
42.21757884,4.62E-09,17.00973154,alpha,43.26561553,36.79392542,,18.60233108,17.71474631,3,Beta Eioneous
44.94583387,4.45E-09,18.10469992,alpha,25.1150488,18.40933493,1504.309141,20.84452391,28.29660898,2,Zeta Draconis
27.41185881,4.45E-09,32.57957988,alpha,41.98677339,29.85706286,6237.993588,19.18556848,25.77616787,,Alpha Boreas
17.4283131,3.49E-09,18.97389888,alpha,,26.97551963,3898.420582,26.68271492,28.38093713,3,Zeta Draconis
44.47418025,3.59E-09,19.80367597,alpha,25.12133908,41.94255153,4669.234143,29.05562004,23.93252927,2,Gamma Saggita
44.16633131,2.88E-09,26.42001003,alpha,40.01102717,32.40147869,6237.993588,41.04388755,16.51972049,3,Alpha Hemithea
46.16586368,3.28E-09,34.61239126,alpha,41.09129085,32.24110294,2536.203538,15.86668695,,2,Beta Eioneous
36.67999319,4.55E-09,24.69208011,alpha,33.52707347,35.05057308,2986.59896,22.66544028,33.41441264,2,Beta Eioneous
37.38742793,4.26E-09,24.52141942,alpha,15.21585346,31.10535339,5132.533153,21.96836827,16.51972049,2,Gamma Saggita
21.93245929,1.87E-09,46.80460149,alpha,27.49101354,41.94255153,4018.350951,44.70378655,18.8151739,3,Alpha Hemithea
30.20555345,4.20E-09,,alpha,43.2716695,34.0083479,2948.798014,18.51047225,29.2626008,2,Beta Eioneous
,1.84E-09,51.66228716,alpha,33.13312501,,5872.185861,29.70816562,12.77327306,1,Alpha Hemithea
36.05236525,,26.91048794,alpha,19.08158904,30.33797332,5035.481357,29.89440308,16.51972049,2,Alpha Boreas
22.81677005,2.99E-09,25.41395267,alpha,37.05907475,20.03236889,2469.051285,19.00461071,30.53963629,2,Beta Eioneous
41.97408238,,20.50733526,,39.2962818,45.39787572,3838.931585,22.05563458,32.20011229,2,Beta Eioneous
24.13814282,4.45E-09,18.45189383,alpha,14.44004066,,6237.993588,30.18974495,33.49245168,2,Alpha Boreas
36.31088531,4.52E-09,34.49385672,alpha,32.9560596,20.03236889,,18.38303068,,1,Beta Eioneous
44.16633131,4.45E-09,29.14058116,alpha,19.34425321,46.46910729,4015.767331,30.64296235,17.84723348,2,Alpha Boreas
21.74595596,3.86E-09,20.65774849,alpha,24.95545834,41.94255153,,19.18556848,30.36990125,3,Zeta Draconis
39.90384587,2.92E-09,20.96451042,alpha,29.07659598,27.58480329,,28.48061114,25.79519215,,Gamma Saggita
20.94493823,2.98E-09,,alpha,17.15223368,23.5542623,4321.737067,40.37679238,22.14916868,,Alpha Hemithea
19.4365005,4.26E-09,11.60168243,alpha,33.63471001,15.58117566,2966.616811,26.84967606,32.10857901,2,Zeta Draconis
29.86385601,2.67E-09,33.67182768,alpha,36.37883007,32.55098237,4217.942101,18.18124294,25.33437174,3,Beta Eioneous
46.17460636,2.67E-09,25.70638981,alpha,25.87098458,29.61686021,6423.965529,23.11306505,32.30372426,2,Gamma Saggita
,3.84E-09,20.75691458,alpha,23.30998493,29.20677997,2006.213985,28.73168577,16.51972049,3,Zeta Draconis
38.23227057,3.65E-09,25.20576643,alpha,14.42464854,26.68201195,6462.092896,40.62301756,33.49245168,2,Gamma Saggita
37.42742367,,25.35444732,alpha,24.75548128,35.98178265,2818.571131,27.86472559,15.0245066,2,Alpha Boreas
44.16633131,,24.41369003,alpha,24.39626312,29.40265132,2183.170666,32.60523936,19.40589114,2,Alpha Boreas
38.48478927,4.45E-09,26.37039438,alpha,23.49511485,41.94255153,5297.567049,21.03878655,22.15997181,3,Gamma Saggita
44.16633131,,38.24897783,alpha,17.15223368,22.57138911,4500.747625,36.68407785,23.57064795,3,Alpha Hemithea
32.2038283,3.57E-09,23.50144738,,17.16640301,28.79242046,4435.677331,30.19572345,25.33071997,3,Alpha Boreas
30.18147129,2.97E-09,17.47442836,alpha,19.4389033,20.03236889,2818.571131,34.04727269,29.18515881,,Alpha Boreas
29.73731088,3.57E-09,31.60803856,alpha,38.26133464,35.13528864,6237.993588,30.95065726,33.49245168,2,Beta Eioneous
44.16633131,2.78E-09,,alpha,32.88143888,23.58338402,4562.860382,41.26878804,20.14086925,3,Alpha Hemithea
44.16633131,2.62E-09,30.67504529,alpha,34.85714351,21.47428482,2298.141342,36.21904005,23.63621437,3,Zeta Draconis
43.68564189,3.39E-09,43.00467433,alpha,34.52085566,,3035.437819,19.56665701,16.55365475,2,Beta Eioneous
28.81756553,3.90E-09,20.30603848,alpha,41.98677339,22.7327105,2666.999558,27.31585005,16.51972049,3,Zeta Draconis
38.15199589,3.60E-09,35.81056962,alpha,41.25613906,43.04189093,2910.532035,16.69903236,18.27568761,3,Beta Eioneous
44.16633131,2.81E-09,46.39860635,alpha,38.44158244,22.98852849,4475.301831,42.16317888,23.58819737,2,Alpha Hemithea
29.69188923,3.88E-09,34.32169026,alpha,,30.29832424,5394.400426,26.39932756,16.51972049,,Gamma Saggita
21.93340426,2.83E-09,35.3299124,alpha,36.71344992,14.01029543,4371.230881,36.30084382,33.49245168,3,Alpha Hemithea
,2.91E-09,43.00467433,alpha,20.66528281,20.03236889,6237.993588,26.82628896,27.36420403,2,Alpha Boreas
44.16633131,3.81E-09,32.55930155,alpha,15.94787861,35.39490871,4113.925939,19.18556848,28.46806349,2,Alpha Boreas
20.18131579,4.06E-09,28.61961749,alpha,,43.21817053,3032.491192,12.56778794,33.49245168,2,Beta Eioneous
45.51748999,3.54E-09,26.64080439,alpha,,35.53633119,6429.389461,34.34782618,24.47332227,1,Gamma Saggita
44.16633131,3.51E-09,18.66043098,,28.02788019,27.9995629,2619.494189,40.62301756,23.98134972,2,Zeta Draconis
36.18339389,4.28E-09,27.90487963,alpha,41.8080786,36.23204393,3844.389124,18.64395549,16.51995649,2,Beta Eioneous
39.23978166,4.15E-09,17.47442836,alpha,38.92554524,29.79160288,2864.370316,40.62301756,28.66155009,2,Beta Eioneous
31.17681398,3.50E-09,19.60794267,alpha,20.12195102,29.5984815,6237.957462,28.21722924,33.49245168,3,Gamma Saggita
42.60351535,2.59E-09,20.80067134,alpha,17.89260938,18.99175674,5953.503412,19.55216886,24.5978835,2,Gamma Saggita
32.57124333,,43.00467433,alpha,41.98677339,13.76791012,4311.847037,28.95571723,27.81226471,3,Zeta Draconis
19.44569476,2.58E-09,36.89418096,alpha,17.15223368,19.6387878,5326.707241,37.37016948,12.35340633,2,Alpha Hemithea
47.03313684,4.10E-09,43.00467433,alpha,16.19195115,34.48033141,4198.012334,20.36174743,25.46764142,2,Gamma Saggita
28.36427925,2.67E-09,20.73494786,alpha,17.15223368,20.51431909,2415.728106,,37.11469721,3,Zeta Draconis
22.93563311,2.21E-09,32.25271557,alpha,43.2529159,30.95694979,2818.571131,46.09523415,8.194893096,,Alpha Hemithea
43.27104748,4.21E-09,19.90041961,alpha,24.43615519,28.022857,5781.152425,,22.00430258,2,Gamma Saggita
36.53297011,2.67E-09,20.04602183,alpha,30.29819611,,2783.419312,20.73023127,,2,Beta Eioneous
32.85094177,3.47E-09,26.26786341,alpha,25.5513961,36.63110522,3048.621885,29.86528952,17.82549037,2,Alpha Boreas
19.21352203,2.49E-09,44.39768781,alpha,,41.94255153,,35.783663,15.34724266,3,Alpha Hemithea
,3.80E-09,20.18976375,alpha,26.94318122,41.94255153,6255.044725,29.32765525,27.7768517,2,Gamma Saggita
36.42482398,4.01E-09,37.30202193,alpha,,20.03236889,4292.954505,29.76601439,25.70973883,2,Gamma Saggita
49.81544053,4.63E-09,28.60441082,alpha,41.98677339,38.42437301,6711.162507,21.50004129,29.10405023,,Gamma Saggita
28.41249482,3.29E-09,19.08140759,alpha,41.98677339,31.83097173,6033.79095,40.62301756,33.49245168,2,Alpha Boreas
21.93231711,4.00E-09,32.39221221,alpha,19.34690939,,,27.70745102,19.35305479,3,Alpha Boreas
20.18131579,4.45E-09,43.00467433,alpha,18.18057156,18.32502024,6237.993588,25.81754725,35.63138453,3,Zeta Draconis
37.93867809,3.55E-09,17.47442836,alpha,17.1301434,35.02241058,4083.004909,30.57291326,33.49245168,2,Alpha Boreas
,4.44E-09,33.07011156,alpha,18.43356483,34.32389436,4185.536597,28.85247162,23.01406487,3,Alpha Boreas
19.28162989,2.67E-09,39.79716342,alpha,,24.13728638,5342.948784,39.84352796,33.49245168,2,Alpha Hemithea
24.26605642,2.95E-09,19.95300206,alpha,41.98677339,32.54824147,,,16.26731812,2,Alpha Boreas
20.18131579,2.67E-09,,,25.39653274,34.51789877,6281.597865,28.15133904,23.60087275,1,Gamma Saggita
28.78602731,,38.97621,alpha,30.84024907,28.3710004,6237.993588,36.62811458,23.20140864,2,Alpha Hemithea
28.33098268,2.74E-09,15.69570569,alpha,26.02781347,,2818.571131,20.38257993,26.21041343,3,Zeta Draconis
18.45836201,4.45E-09,35.86290923,,33.3341813,34.47185904,2818.571131,34.5408773,22.89428526,3,Alpha Hemithea
19.31707261,3.02E-09,37.76508309,alpha,29.12705716,,,32.57353879,27.98050762,,Alpha Hemithea
16.70227582,2.64E-09,41.2013002,alpha,,20.43932524,6237.993588,40.19640141,,3,Alpha Hemithea
42.19828014,3.32E-09,30.75181232,alpha,25.71660937,30.024194,6189.46372,15.17201754,22.68806945,3,Gamma Saggita
19.75596963,2.67E-09,35.46061399,alpha,26.42985738,38.69164887,2818.571131,40.98689674,16.51972049,3,Alpha Hemithea
30.10796793,2.81E-09,26.5147183,alpha,44.48230186,35.41725322,2915.938057,20.07272302,16.40833689,1,Beta Eioneous
37.63178726,4.36E-09,20.92378658,alpha,,30.06803764,4649.92752,27.38247276,22.4832371,3,Gamma Saggita
,2.67E-09,24.77783799,alpha,41.98677339,30.13767419,4124.488134,38.17810541,18.95002055,2,Alpha Boreas
34.24028637,4.45E-09,43.00467433,alpha,11.81170171,37.48967407,4516.905418,19.18556848,29.95120254,2,Alpha Boreas
44.16633131,3.25E-09,44.30814954,,42.19659307,29.656748,5398.076626,44.182894,23.19681783,3,Alpha Hemithea
29.80130836,2.67E-09,28.99310024,alpha,41.98677339,22.78889978,4292.935348,25.84106688,23.3214613,3,Zeta Draconis
,2.45E-09,20.76241139,alpha,18.41370998,20.03236889,3809.076927,27.91929952,,2,Alpha Boreas
44.16633131,3.37E-09,16.69282832,alpha,41.98677339,14.44887172,3310.690153,22.63285758,17.69434719,3,Zeta Draconis
20.18131579,3.27E-09,43.00467433,alpha,19.70651483,26.86604172,6237.993588,39.84773774,,2,Alpha Boreas
,2.65E-09,28.05330761,,11.15079328,17.34783443,2708.47984,23.02272645,29.21561142,3,Zeta Draconis
23.49583718,5.24E-09,31.63334177,alpha,35.17512185,42.36926879,6237.993588,21.01571428,20.10358446,2,Beta Eioneous
30.68094372,4.86E-09,12.80124404,alpha,13.9085236,41.94255153,6237.993588,37.78856667,30.82059695,2,Zeta Draconis
44.16633131,2.40E-09,37.74010398,alpha,39.91046481,22.52521858,6237.993588,34.51892472,26.20922618,2,Alpha Hemithea
36.65662157,3.38E-09,,alpha,16.01429722,29.32879917,6806.478109,40.62301756,35.78583526,2,Gamma Saggita
29.21387875,4.04E-09,26.54956578,alpha,18.24178105,20.03236889,2818.571131,32.80197378,23.29614448,2,Alpha Boreas
37.14168623,3.41E-09,,alpha,19.04582368,27.42597743,6237.993588,16.43997546,16.51972049,2,Zeta Draconis
37.83335488,,26.44557505,alpha,40.28654657,38.22051071,,,,,Beta Eioneous
44.16633131,4.45E-09,26.96972044,alpha,17.15223368,22.453815,5739.305997,40.19458531,,2,Alpha Hemithea
29.21247596,4.31E-09,26.859976,alpha,41.53776704,36.53368132,3034.470188,28.18061528,29.05864555,2,Beta Eioneous
29.75381866,3.03E-09,43.00467433,alpha,19.40591528,27.81020223,3312.717699,32.68765397,30.12618122,2,Zeta Draconis
,4.45E-09,25.25309689,alpha,41.98677339,32.44234227,5208.631704,29.32476526,15.34523255,3,Alpha Boreas
22.50556481,4.45E-09,31.64988201,,36.64307273,20.70770403,4996.968452,38.29440348,17.71107971,2,Alpha Hemithea
21.09512066,2.38E-09,45.68872497,alpha,38.10527312,23.70040179,4600.587755,28.58987178,22.43986141,2,Alpha Hemithea
,4.22E-09,20.71617586,alpha,41.98677339,,,19.85638468,30.8254742,3,Zeta Draconis
24.55732439,3.29E-09,32.74899928,alpha,32.68862046,21.70576426,5290.514821,35.09535697,19.70128801,2,Alpha Hemithea
42.01969787,4.20E-09,23.52170436,alpha,,37.44920492,2297.76882,17.56194433,33.49178528,3,Beta Eioneous
33.42377799,3.39E-09,20.39098855,alpha,15.73131189,38.70381292,5110.186328,34.29597806,,2,Alpha Boreas
33.41426362,4.71E-09,17.47442836,alpha,29.03295668,28.73855659,6077.017841,40.62301756,33.78202576,1,Gamma Saggita
40.88755755,4.27E-09,,alpha,38.99018596,45.2181779,2982.478766,27.79487183,27.75091547,3,Beta Eioneous
28.19674538,4.45E-09,23.61322762,alpha,16.05276326,30.24979187,3164.811171,29.3188721,17.35421233,3,Alpha Boreas
17.67654074,3.45E-09,38.48188498,alpha,46.81792919,22.32632972,4089.197541,32.82605389,33.49245168,3,Alpha Hemithea
23.21928021,2.43E-09,46.16967203,alpha,34.52769339,16.35922239,4212.886418,36.24768064,14.11997959,2,Alpha Hemithea
33.54019772,4.45E-09,27.22784219,alpha,16.16695299,27.73084706,4998.130262,40.62301756,,2,Gamma Saggita
28.11440775,3.61E-09,9.177649649,alpha,41.98677339,14.67570331,6237.993588,20.55537593,,3,Zeta Draconis
,4.45E-09,21.19264105,alpha,26.31017961,31.46450925,5010.613823,,27.60951619,2,Gamma Saggita
36.48435646,4.13E-09,30.59658359,alpha,,35.91297286,2490.928889,34.44072573,24.95666855,2,Beta Eioneous
,2.74E-09,17.76492113,alpha,25.73970811,17.23847662,3963.425732,33.84534251,30.38293258,3,Zeta Draconis
40.07389012,3.49E-09,43.00467433,alpha,15.18562275,28.06734858,4099.969612,19.18556848,33.80397787,2,Gamma Saggita
44.99508406,3.23E-09,27.13775856,alpha,20.0209324,28.72831744,5338.25424,40.62301756,28.01746944,3,Gamma Saggita
33.14018541,2.82E-09,27.0005936,alpha,19.09500328,41.50259013,6237.993588,33.50436167,,3,Alpha Boreas
32.08796934,2.98E-09,13.93199221,alpha,34.65037463,43.90168343,1349.149209,40.62301756,16.51972049,2,Beta Eioneous
29.08237774,3.98E-09,25.61728528,alpha,13.94381864,29.81285961,3393.877149,30.44613813,28.39615416,2,Alpha Boreas
22.0162777,3.36E-09,41.2535158,,17.15223368,34.31024815,6336.74775,36.44048179,18.717573,2,Alpha Hemithea
,3.59E-09,12.8625142,alpha,41.98677339,41.94255153,4163.163221,28.09409364,23.62749377,3,Alpha Boreas
31.65504148,3.23E-09,16.55932978,alpha,10.50170545,31.10454497,4037.102421,32.36642863,14.86599326,2,Alpha Boreas
29.77340542,3.33E-09,15.13661992,,41.98677339,29.13727601,2818.571131,20.248393,25.59596604,3,Zeta Draconis
31.19824371,2.58E-09,33.26934385,alpha,19.5650735,36.15701111,5260.406928,19.18556848,22.96343924,2,Alpha Boreas
11.76321077,2.49E-09,37.66980196,alpha,17.15223368,18.34334185,5483.389377,34.34851896,12.15585749,2,Alpha Hemithea
45.14909078,3.39E-09,24.1590527,alpha,30.2172984,30.64276709,5977.356113,28.50438653,27.42776641,,Gamma Saggita
32.96469809,3.26E-09,27.61043095,,41.98677339,19.93445831,4202.812252,19.18556848,25.21327578,3,Zeta Draconis
44.16633131,2.82E-09,18.33762052,,23.23110836,50.39992849,2818.571131,27.3512756,33.49245168,2,Alpha Boreas
44.16633131,3.41E-09,20.78428669,alpha,24.40741854,,3351.019594,37.83405347,26.05168697,2,Alpha Boreas
,3.52E-09,33.02400441,alpha,24.90073335,36.2875974,5364.885277,30.24543555,35.59785719,2,Gamma Saggita
20.73328519,2.87E-09,37.55553657,alpha,26.86891606,41.94255153,,39.34023132,23.20363498,3,Alpha Hemithea
29.32358095,,43.00467433,alpha,13.93938538,37.6748283,2818.571131,30.61927326,33.49245168,2,Alpha Boreas
20.18131579,2.67E-09,23.90928373,alpha,17.83014929,32.12272338,3224.071723,29.0476853,14.67876255,2,Alpha Boreas
36.53060484,4.25E-09,43.00467433,alpha,47.55536556,39.06281729,4338.988523,32.53717355,18.79205384,1,Beta Eioneous
38.51136968,3.95E-09,28.98235415,alpha,11.66005351,27.88302656,,,22.75548206,2,Gamma Saggita
32.25912226,4.45E-09,31.11647862,alpha,16.8575434,44.60480163,,30.60405401,,3,Alpha Boreas
30.77055094,2.67E-09,25.03411714,alpha,15.1204128,19.60585144,3946.73796,36.43111086,22.14580231,3,Alpha Boreas
22.81022902,2.77E-09,41.89325454,alpha,39.03899483,30.70524596,4981.347659,34.82373744,33.49245168,3,Alpha Hemithea
,4.45E-09,17.09432914,,15.54155123,37.65500643,,26.09001656,25.47553789,1,Alpha Boreas
44.16633131,,24.29234476,alpha,17.74867197,17.22406584,2201.792036,33.54082796,27.75345627,2,Zeta Draconis
33.49602977,4.05E-09,15.93126509,alpha,20.15547772,22.74607788,4244.881368,29.12928025,16.51972049,3,Zeta Draconis
21.50575562,3.36E-09,24.45023822,alpha,19.17308097,34.38429118,3895.374439,38.77179177,,2,Alpha Boreas
13.07161819,2.67E-09,12.23879358,alpha,18.12879982,14.55514959,3850.946135,19.44024571,25.70185347,3,Zeta Draconis
37.60192503,3.77E-09,15.61823889,alpha,38.99981789,42.05165631,2505.534522,16.51920486,25.47319911,,Beta Eioneous
36.32320064,2.96E-09,20.76259094,alpha,25.06052827,34.68783548,2906.582353,34.83640988,16.51972049,2,Alpha Boreas
31.21222832,3.43E-09,,alpha,29.73700179,23.77864643,6237.993588,27.06382437,31.00394202,3,Zeta Draconis
20.139724,3.36E-09,40.28241293,alpha,38.89695099,27.99218507,4278.224977,46.947295,11.93229429,3,Alpha Hemithea
44.16633131,2.85E-09,27.35822846,alpha,24.05444063,38.93293194,6237.993588,30.62152877,20.05426645,3,Alpha Boreas
20.18131579,3.89E-09,18.73749173,alpha,40.04208232,36.73453783,2408.844156,27.83369788,27.18569414,3,Beta Eioneous
44.16633131,3.03E-09,24.9115974,,16.81695214,30.7468983,,35.94751203,25.7917899,3,Alpha Boreas
30.59988146,3.79E-09,26.24390795,alpha,41.98677339,30.10933702,4434.551896,21.44138954,,2,Alpha Boreas
33.80014451,3.41E-09,17.37429693,alpha,41.98677339,,5142.949797,29.93907222,33.98285482,2,Gamma Saggita
20.18131579,3.46E-09,28.47284082,alpha,,26.99288457,5624.370571,28.22353411,27.93632975,,Gamma Saggita
20.18131579,4.38E-09,25.65714106,alpha,38.04146155,45.14840701,1678.972141,22.7315347,27.98590486,2,Beta Eioneous
28.18344394,3.52E-09,17.47442836,alpha,28.79699949,,6914.97865,40.62301756,,1,Gamma Saggita
23.13447229,2.94E-09,23.3705543,alpha,25.08172374,23.15197858,4060.794333,35.2501057,16.51972049,3,Zeta Draconis
31.24132832,3.01E-09,43.00467433,alpha,20.02700357,16.06489393,3983.383263,,33.3229494,3,Zeta Draconis
37.93422909,3.53E-09,,alpha,29.2969863,41.94255153,5986.875464,25.68468957,28.16583742,3,Gamma Saggita
20.18131579,4.38E-09,17.47442836,alpha,40.15630366,37.26248848,4071.453751,18.0485957,23.96028014,1,Beta Eioneous
29.71530294,3.80E-09,17.35198272,,10.44064644,19.18979419,2504.614853,19.18556848,28.90691542,3,Zeta Draconis
36.56035995,3.42E-09,,alpha,38.77089795,41.61668526,2283.353247,40.62301756,22.57768767,2,Beta Eioneous
22.02362577,2.67E-09,36.18185229,alpha,28.4124625,31.63171044,5095.910509,43.57543189,7.722652957,3,Alpha Hemithea
34.29437865,4.19E-09,43.00467433,alpha,33.0166587,,2396.17773,20.91584099,24.94838044,2,Beta Eioneous
,4.06E-09,16.48826468,alpha,40.66174189,37.62943568,2460.773505,26.65318981,24.47869991,3,Beta Eioneous
28.22789017,,15.7833324,alpha,41.98677339,39.54803008,4058.700974,26.10539767,24.91961704,,Alpha Boreas
39.20171676,2.73E-09,34.47513966,alpha,17.15223368,26.74596993,5098.389754,32.79031463,18.19354251,2,Alpha Hemithea
34.20451579,3.67E-09,14.81427389,alpha,17.15223368,38.69301981,4519.653763,16.56110215,33.49245168,2,Beta Eioneous
24.06693496,4.45E-09,35.61574557,alpha,26.81514856,41.94255153,5485.29317,30.30877796,18.81008416,3,Alpha Hemithea
24.8503896,,46.77309182,alpha,34.16544213,31.8582705,5893.045986,36.45233405,33.49245168,2,Alpha Hemithea
20.18131579,4.83E-09,25.69447898,alpha,41.87503132,40.22474186,3891.523097,,27.38676162,3,Beta Eioneous
32.88953225,3.28E-09,28.64425354,alpha,41.98677339,41.62820236,5796.65126,19.18556848,21.98288522,3,Gamma Saggita
,2.40E-09,41.06273981,alpha,30.22820576,29.70456194,4480.91598,36.08116896,17.68706454,2,Alpha Hemithea
44.16633131,4.45E-09,24.25922618,alpha,20.42419684,31.29914492,6083.858784,40.62301756,24.88280704,3,Gamma Saggita
32.98815666,3.88E-09,33.98090905,alpha,17.15223368,44.12122302,6237.993588,27.1111331,27.88644139,3,Beta Eioneous
16.98718611,2.43E-09,38.36011289,alpha,33.7761837,23.28672363,5192.40878,38.82474475,15.40496298,2,Alpha Hemithea
20.45923846,4.45E-09,36.79803854,alpha,36.98878801,24.28632333,2818.571131,39.92968264,14.0955448,2,Alpha Hemithea
44.16633131,3.47E-09,18.13451001,alpha,23.77631503,29.26408894,,25.82437841,30.85723792,2,Zeta Draconis
29.9217865,4.45E-09,,alpha,29.63647737,13.66440184,3150.405414,30.52532796,16.51972049,2,Zeta Draconis
20.18131579,3.53E-09,,alpha,,20.03236889,4183.327695,27.19100885,23.93451156,2,Beta Eioneous
27.32065655,3.87E-09,31.67449456,alpha,35.34304093,20.82868733,4508.78008,42.20082768,14.93612002,3,Alpha Hemithea
32.64240335,3.50E-09,13.53346088,alpha,16.51382049,32.2753731,6365.441719,28.44228115,24.69798194,3,Gamma Saggita
27.53924952,,10.00846778,alpha,,18.61386082,4324.162007,28.38841286,32.60349763,2,Zeta Draconis
31.44237884,3.77E-09,28.5213761,alpha,43.66730819,36.28717168,6237.993588,17.38031717,,2,Beta Eioneous
33.50104611,,27.03369999,alpha,41.98677339,33.91381798,6538.071405,33.12015033,16.46947436,2,Gamma Saggita
20.18131579,4.51E-09,32.57653969,alpha,38.50304318,,1666.077585,19.7861816,22.68519324,3,Beta Eioneous
21.2671071,2.95E-09,35.79558396,alpha,35.51597699,11.11809969,4378.639696,19.18556848,19.8196916,3,Alpha Hemithea
27.66316847,2.70E-09,17.53776463,alpha,17.47405025,32.2793451,4455.344973,40.62301756,17.24878859,2,Zeta Draconis
40.37623101,3.56E-09,,alpha,44.32859041,35.54902945,6237.993588,25.72834803,37.22044099,3,Beta Eioneous
21.27875368,2.30E-09,50.17263162,alpha,30.09626285,41.94255153,6574.590679,19.18556848,,2,Alpha Hemithea
27.70799592,3.77E-09,28.03107372,alpha,26.9079072,32.36292399,6237.993588,20.38168775,28.39229851,1,Beta Eioneous
20.18131579,4.45E-09,24.39226913,alpha,15.99297275,26.83221679,5545.79125,19.31193461,17.81219151,2,Gamma Saggita
33.04153462,2.74E-09,24.42302647,,25.76498384,,3836.980302,35.66482357,24.47880679,3,Zeta Draconis
30.14147734,4.45E-09,30.77100681,alpha,18.32780954,34.93450646,2632.755834,19.18556848,27.97796583,3,Alpha Boreas
43.00060978,4.08E-09,17.78606195,alpha,23.26576195,35.55000255,6432.495678,,25.51432467,2,Gamma Saggita
20.18131579,4.26E-09,,alpha,38.13834544,41.48142346,4075.625299,16.9721747,16.51972049,2,Beta Eioneous
27.55526271,3.77E-09,,alpha,20.67249377,19.79198766,3073.112595,39.556854,22.78172943,3,Zeta Draconis
22.95228084,4.17E-09,15.68952748,alpha,11.70702065,41.67865776,3105.674883,30.10955085,9.408515032,,Alpha Boreas
,4.41E-09,43.00467433,alpha,40.37874393,35.68313502,,,22.69801313,3,Beta Eioneous
36.65232118,3.67E-09,43.00467433,alpha,29.62929378,36.2553154,3042.960275,40.62301756,30.78023828,2,Beta Eioneous
39.74597281,3.79E-09,28.85692879,alpha,44.47315564,41.13184791,2589.17184,17.02884314,,3,Beta Eioneous
39.3876225,4.30E-09,27.12327667,alpha,17.15223368,31.65403153,1752.76509,22.69956571,25.93982931,2,Beta Eioneous
42.85728278,4.34E-09,34.95511914,alpha,45.13660737,,2445.75153,40.62301756,16.51972049,2,Beta Eioneous
37.51363768,2.67E-09,28.84060994,alpha,41.98677339,38.0808086,5736.815324,40.62301756,,3,Gamma Saggita
44.16633131,3.88E-09,43.00467433,alpha,40.54958902,,4136.917927,20.79702548,27.18190023,2,Beta Eioneous
21.3880515,4.45E-09,35.22975146,alpha,41.72221437,41.94255153,2818.571131,36.31513528,18.2809883,2,Alpha Hemithea
36.29466181,4.45E-09,19.20874789,,19.33038056,23.98238592,3399.545379,22.30008157,24.06924694,3,Zeta Draconis
28.81542064,3.48E-09,16.16326877,alpha,20.63652941,30.37418948,6237.993588,21.91408203,29.92834143,3,Zeta Draconis
44.16633131,3.36E-09,43.00467433,alpha,18.60992993,31.69662693,4129.251094,,22.99035281,3,Alpha Boreas
41.42611574,,25.39803791,alpha,24.93438607,34.04194729,,29.20741901,19.74686923,2,Gamma Saggita
28.20115852,2.92E-09,,alpha,41.98677339,30.72644199,4689.804068,26.12799552,19.76584925,3,Alpha Boreas
48.66911108,3.92E-09,26.50346221,alpha,15.57370415,30.40803712,4744.191552,22.99620899,18.79520165,2,Gamma Saggita
28.70785543,3.89E-09,20.14128115,alpha,25.31422996,32.63425765,4536.296591,40.62301756,20.08316409,3,Alpha Boreas
22.52155918,3.32E-09,43.27809048,alpha,34.29305067,17.70465202,4689.287135,30.79812858,14.43717898,,Alpha Hemithea
34.11076952,4.45E-09,27.79646382,,36.7553127,38.68342768,,20.93286152,16.34093531,2,Beta Eioneous
36.48955041,3.44E-09,31.16857556,alpha,36.76750016,38.14328724,2319.453748,21.43311649,16.51972049,2,Beta Eioneous
37.21892785,3.49E-09,27.28578273,alpha,,22.97755194,6299.884209,40.62301756,25.83133359,2,Gamma Saggita
21.27080666,1.90E-09,45.9588076,alpha,,37.46204841,5281.497209,32.87285464,33.49245168,3,Alpha Hemithea
36.58767824,2.67E-09,17.47442836,alpha,43.50341931,32.28942536,3447.866166,26.48194632,17.12028252,2,Beta Eioneous
18.12269446,4.41E-09,15.98010667,alpha,13.70886315,,2448.359017,21.97446014,33.49245168,3,Zeta Draconis
41.45974815,4.18E-09,30.85857629,alpha,18.34722188,35.84664789,6397.520297,17.61838098,23.97337296,2,Gamma Saggita
39.53425492,4.22E-09,20.70629551,alpha,27.53041068,21.62610018,3181.248704,29.52184645,30.74205592,2,Zeta Draconis
37.53187675,2.93E-09,15.12327343,alpha,26.65898994,27.11336706,5995.337799,21.97992738,33.49245168,3,Gamma Saggita
23.44195232,4.45E-09,21.10498866,alpha,20.70289086,,3195.507745,30.44289063,28.26243246,3,Zeta Draconis
28.37344098,2.75E-09,33.6108095,alpha,35.66418633,39.79095002,2878.587098,30.17192118,23.30028454,2,Beta Eioneous
20.18131579,3.60E-09,20.54532548,alpha,14.74276135,20.03236889,5846.776045,28.02961093,,2,Gamma Saggita
,4.00E-09,23.29753648,,,23.94818291,4083.654501,19.18556848,25.93095853,,Zeta Draconis
21.03137225,2.71E-09,42.13659179,alpha,35.88781013,,4087.280302,19.18556848,16.51972049,2,Alpha Hemithea
31.3301683,4.45E-09,43.00467433,alpha,27.7536213,14.03158672,2876.711103,28.57767988,16.51972049,3,Zeta Draconis
19.199166,2.70E-09,44.2995172,alpha,17.15223368,20.03236889,4154.826277,35.02870015,24.87752001,2,Alpha Hemithea
20.18131579,2.67E-09,15.53905413,alpha,41.98677339,17.49233365,3856.15577,,,2,Zeta Draconis
33.63442631,3.28E-09,24.41203216,alpha,38.12736877,35.59292167,4352.245423,16.20485978,24.61373014,2,Beta Eioneous
18.42036712,3.49E-09,42.03681046,alpha,33.25418934,18.45834261,5311.365215,37.11710791,30.18439044,3,Alpha Hemithea
14.37501509,4.41E-09,43.00467433,,33.19098503,41.94255153,3803.306734,40.62301756,28.4664631,2,Zeta Draconis
28.81130588,2.92E-09,23.80354623,alpha,,22.90394674,1886.609575,25.31160161,38.00859385,3,Zeta Draconis
28.04360058,,17.61438322,alpha,16.19163558,28.35944958,3221.085137,19.48543228,24.97304306,2,Zeta Draconis
27.57647392,4.61E-09,32.86705159,alpha,41.17089846,36.89345715,3180.068417,22.26024299,33.49245168,3,Beta Eioneous
42.20972342,3.93E-09,43.00467433,alpha,17.15223368,48.64103726,,19.37162156,24.11753338,3,Beta Eioneous
30.88036178,3.28E-09,12.44690446,alpha,18.61096811,41.94255153,,34.48496645,31.17497355,2,Zeta Draconis
32.75277485,2.67E-09,28.1149043,alpha,47.34862343,29.0058239,,19.56166887,19.83282256,3,Beta Eioneous
17.03067588,4.45E-09,42.36175925,alpha,41.98677339,27.71212212,5011.100919,32.66828601,33.49245168,3,Alpha Hemithea
19.48658963,3.48E-09,33.38874459,alpha,39.27722855,41.94255153,4320.155672,34.70679188,19.02904322,3,Alpha Hemithea
29.98606248,3.80E-09,26.53700028,alpha,,41.94255153,4413.385397,33.84118171,33.49245168,2,Alpha Boreas
21.70177768,4.13E-09,43.00467433,alpha,41.98677339,20.03236889,,29.22851895,25.64763981,2,Alpha Boreas
46.01802329,3.23E-09,,alpha,41.98677339,28.2239265,5290.400927,,25.93323354,3,Gamma Saggita
39.76090638,4.01E-09,27.56681287,alpha,,39.65942197,3270.178476,40.62301756,36.28480325,2,Beta Eioneous
21.17941464,3.39E-09,15.44246854,alpha,41.98677339,18.59399546,6237.993588,19.18556848,33.49245168,3,Zeta Draconis
31.49568192,3.82E-09,30.54752449,alpha,41.98677339,26.90357538,4201.997694,40.62301756,24.00706967,2,Gamma Saggita
45.26820375,2.81E-09,20.12545015,alpha,40.75207379,37.68414089,3019.473597,21.13677677,23.47295394,1,Beta Eioneous
38.14246118,3.29E-09,17.47442836,alpha,41.98677339,30.71853796,3880.97118,28.13172854,33.49245168,2,Alpha Boreas
43.04831144,3.57E-09,32.97809602,alpha,17.98299092,41.94255153,,38.89172025,29.46605372,1,Gamma Saggita
27.49409463,2.67E-09,23.68001649,alpha,17.09896378,23.50319622,5745.929901,20.4393473,30.34796592,2,Gamma Saggita
44.16633131,3.43E-09,31.01138707,alpha,41.98677339,31.99738837,6237.993588,32.50107983,35.23534063,3,Alpha Boreas
36.56116004,3.36E-09,23.48318336,alpha,24.08501591,29.57343935,6143.652719,29.6409221,22.93622447,2,Gamma Saggita
44.16633131,3.89E-09,20.95914531,,16.60433003,30.92749381,,36.50794931,16.51972049,2,Alpha Boreas
46.46389776,3.42E-09,26.52557589,alpha,41.98677339,27.89909732,5609.779537,16.85394617,16.51972049,2,Gamma Saggita
18.45539358,2.53E-09,45.71865766,alpha,17.15223368,,4690.496405,44.36832559,22.53496281,,Alpha Hemithea
45.07933272,2.28E-09,34.69616623,alpha,,23.56069208,7030.575755,29.62643666,15.24596455,2,Gamma Saggita
47.6236315,3.79E-09,28.14119606,alpha,14.41884243,29.09085287,6671.703796,16.48164284,30.86973263,,Gamma Saggita
43.43915591,,17.47442836,alpha,25.05759603,27.1745459,2818.571131,27.04395649,19.58545645,2,Gamma Saggita
36.21605054,3.38E-09,29.1208317,,53.25462786,35.44091648,4309.949666,13.10377386,23.77740815,2,Beta Eioneous
35.83332737,3.33E-09,,alpha,26.30680719,20.03236889,5098.616989,26.8426953,18.50608525,2,Alpha Boreas
27.39536712,2.82E-09,33.95985716,alpha,33.65708711,27.65895616,5741.415367,19.18556848,,3,Alpha Hemithea
12.46343738,1.55E-09,47.75299816,alpha,26.77704506,34.53377456,2818.571131,35.23288402,,2,Alpha Hemithea
16.30884543,3.28E-09,37.63727981,alpha,39.90713103,41.94255153,4633.103019,33.61512845,33.49245168,3,Alpha Hemithea
23.0517117,2.22E-09,43.78346914,alpha,37.21764404,26.66778229,4403.48276,36.32630145,17.99298262,2,Alpha Hemithea
38.10934264,,24.10559617,alpha,15.30634252,26.69795322,2818.571131,20.61565735,33.53327296,3,Gamma Saggita
16.7704587,1.66E-09,,,35.28795559,41.94255153,2818.571131,28.42110023,23.47565191,2,Alpha Hemithea
31.15314901,4.28E-09,13.92616041,alpha,19.09432543,16.5454028,6237.993588,29.41281214,24.2713123,3,Zeta Draconis
45.0444719,4.03E-09,43.00467433,alpha,34.67867631,41.94255153,4627.671685,18.83913431,18.30559169,2,Beta Eioneous
,3.87E-09,18.28694262,alpha,16.63433987,28.91735861,6237.993588,33.59643949,26.16376734,3,Alpha Boreas
40.85609497,2.67E-09,17.03591018,alpha,41.98677339,20.03236889,5245.141635,33.10414054,33.49245168,2,Gamma Saggita
30.01489275,2.67E-09,27.90334789,alpha,41.98677339,37.4385357,2589.564232,25.47181776,24.2476679,2,Alpha Boreas
20.18131579,2.71E-09,32.17311728,alpha,24.84253019,32.40686831,6368.715918,20.55419229,25.63420762,,Gamma Saggita
19.47669746,2.37E-09,33.8977209,alpha,,27.78059692,5728.261124,35.88161646,14.70719671,2,Alpha Hemithea
40.89601463,4.42E-09,28.71553951,alpha,37.17355412,39.03893979,2560.943878,,22.31942069,3,Beta Eioneous
37.81278386,3.24E-09,26.87317741,alpha,17.15223368,30.91148528,4784.822861,23.0464171,27.72849718,3,Gamma Saggita
36.72080754,4.64E-09,14.8443158,alpha,41.34519715,32.29515164,3837.379459,10.53237351,17.09005328,1,Beta Eioneous
22.6797299,2.81E-09,27.01050957,alpha,15.39682562,39.33814254,6237.993588,32.41955811,16.91382027,2,Alpha Boreas
27.30516243,4.63E-09,43.00467433,alpha,36.07075948,31.89686595,2785.91369,40.62301756,27.6667877,2,Beta Eioneous
22.76927914,4.45E-09,35.62647511,alpha,36.20503925,27.22751283,5763.28296,34.09066764,18.37038007,,Alpha Hemithea
22.65634784,2.44E-09,42.58964363,alpha,37.78186788,24.23668911,,36.48785588,23.59891915,2,Alpha Hemithea
33.95531388,3.60E-09,23.77915917,alpha,41.98677339,29.38732975,4170.941287,20.13526241,33.31092794,2,Zeta Draconis
36.14806508,3.76E-09,17.47442836,alpha,37.37029985,,6237.993588,19.51196062,28.35477915,2,Beta Eioneous
20.18131579,3.49E-09,43.00467433,alpha,43.10164505,37.26319592,4027.620687,27.47162149,14.20532268,1,Beta Eioneous
28.20743054,4.00E-09,23.28116531,alpha,,37.53810707,3972.849046,40.62301756,19.26760826,3,Beta Eioneous
44.16633131,1.95E-09,33.57566601,alpha,32.67715551,23.49537084,5762.462672,41.315366,23.10134272,3,Alpha Hemithea
40.60446064,4.56E-09,27.75565268,alpha,,35.52631599,3322.737414,22.70842856,22.90656638,2,Beta Eioneous
44.16633131,2.67E-09,19.0188667,alpha,41.98677339,34.29005549,4572.664071,40.62301756,25.55996518,3,Alpha Boreas
28.80437176,2.67E-09,23.38423593,alpha,41.98677339,41.94255153,3827.40557,38.82504514,22.55030658,2,Zeta Draconis
30.28201847,4.89E-09,28.57332587,alpha,38.25251485,31.19177893,,27.0671458,16.1680769,3,Beta Eioneous
23.36204188,2.92E-09,39.76517239,alpha,33.4984301,28.6112713,6140.703213,43.92211541,33.49245168,2,Alpha Hemithea
44.16585631,4.08E-09,32.82179291,alpha,19.44043175,20.86212852,6348.16588,15.91083115,,3,Gamma Saggita
37.15641389,3.91E-09,,alpha,38.23936847,38.01790758,3139.247862,22.04841314,23.96991397,3,Beta Eioneous
30.90785681,3.57E-09,43.00467433,alpha,14.84740175,42.42955043,5355.377576,,19.41317344,3,Alpha Boreas
23.58300504,3.97E-09,35.55767059,alpha,34.99187127,22.34828688,3956.646004,29.88476598,22.64339727,3,Alpha Hemithea
20.18131579,4.74E-09,31.57991104,,41.98677339,20.03236889,5732.477566,40.62301756,22.69543789,,Gamma Saggita
21.41136372,4.45E-09,39.96435427,alpha,,,4359.147315,30.53867704,16.1433556,,Alpha Hemithea
44.16633131,3.39E-09,28.54860905,alpha,16.36730066,28.9323161,3228.076095,35.79136117,33.49245168,2,Alpha Boreas
35.86983425,4.10E-09,20.74473696,alpha,41.82396596,,4147.912304,26.25587288,22.27192894,2,Beta Eioneous
37.94196114,4.60E-09,,alpha,45.27006622,20.03236889,3453.74267,22.69161687,19.41456826,2,Beta Eioneous
29.5142965,4.18E-09,16.41906737,alpha,18.57260561,16.37781967,2359.600477,22.65490355,27.40628314,3,Zeta Draconis
31.76952224,2.74E-09,43.00467433,alpha,25.22721215,42.84523531,4663.033583,32.71716621,25.80022589,3,Alpha Boreas
39.98405739,4.45E-09,24.85436909,alpha,32.84500066,43.33658048,2007.240293,21.86658211,36.0820548,2,Beta Eioneous
31.85663799,2.67E-09,28.20251367,alpha,37.57235785,29.21038401,2269.956525,17.55001364,18.86199572,2,Beta Eioneous
35.82541633,3.53E-09,43.00467433,alpha,,11.32930799,3095.97353,25.38594457,33.49245168,3,Zeta Draconis
28.89310573,3.54E-09,18.05849325,,41.98677339,30.31130142,6237.993588,30.84024225,27.62152909,3,Alpha Boreas
44.16633131,3.28E-09,38.5188442,alpha,41.41894956,39.23179346,,28.69876856,19.56792396,3,Alpha Hemithea
16.11909982,2.31E-09,43.82578251,alpha,38.74693434,19.65459716,4395.869739,33.22910321,19.78700913,,Alpha Hemithea
24.13498062,2.25E-09,44.72979808,alpha,34.90218945,38.80877358,4579.608188,34.42465476,34.56220456,2,Alpha Hemithea
31.75722137,2.67E-09,13.19738863,alpha,26.26806741,14.16801085,6237.993588,27.97786089,32.55412933,2,Zeta Draconis
20.18131579,3.61E-09,33.93470951,,38.20675236,41.12121642,2752.201723,8.989852789,24.11698574,1,Beta Eioneous
43.0263781,2.67E-09,15.33181152,alpha,30.4992876,39.23736391,6237.993588,15.51911006,29.45366127,2,Beta Eioneous
20.18131579,2.67E-09,27.53756518,alpha,37.18087116,36.3552229,2893.909,40.62301756,28.14265139,3,Beta Eioneous
27.67561118,4.10E-09,10.44109607,alpha,17.15223368,41.94255153,3951.126651,32.7021488,17.84357423,2,Zeta Draconis
18.20236303,2.57E-09,41.50108473,alpha,33.38760931,30.46774988,3450.143675,19.18556848,21.93430595,3,Alpha Hemithea
,3.47E-09,27.98033135,alpha,17.78337967,20.03236889,5628.460573,14.69139093,19.30885775,2,Gamma Saggita
44.01567679,3.66E-09,12.8063157,alpha,25.84381426,18.96373746,3427.553854,16.92748685,30.11625706,2,Zeta Draconis
27.75979991,4.31E-09,,,27.74485433,38.40061527,4094.229832,30.69672921,27.85645654,3,Alpha Boreas
44.16633131,4.42E-09,13.34252916,alpha,,17.39399397,2665.055204,36.69160906,26.30285199,2,Zeta Draconis
38.31992571,3.89E-09,20.91852565,alpha,39.85877695,20.03236889,4146.065441,,,3,Beta Eioneous
,,43.00467433,alpha,28.40165098,18.11565052,4153.70716,34.24433824,27.22239803,3,Zeta Draconis
24.42660442,3.48E-09,,alpha,25.58358823,41.94255153,4745.455272,25.83598755,22.88921682,,Alpha Hemithea
11.08643019,3.31E-09,41.40022067,alpha,34.85202645,26.78364561,5770.375753,28.67473497,24.41528436,2,Alpha Hemithea
29.53399035,3.60E-09,27.32526919,alpha,18.87575385,34.00780065,2537.940005,19.97932983,33.49245168,3,Alpha Boreas
44.16633131,2.96E-09,36.85475351,alpha,29.38951712,22.21809302,5482.277772,38.41001584,18.34664464,1,Alpha Hemithea
34.20268603,3.03E-09,16.10259688,alpha,23.91384741,21.05440981,4058.853486,,,2,Zeta Draconis
21.97605975,4.45E-09,41.12304722,alpha,43.99988513,20.03236889,,42.67356222,18.55471279,3,Alpha Hemithea
41.79909342,3.48E-09,17.47442836,alpha,29.13788045,31.57650652,5229.611182,30.84423512,27.27261769,,Gamma Saggita
40.94064665,3.62E-09,18.93799065,alpha,25.03013598,38.44014804,6247.645036,27.23598037,37.18915701,3,Gamma Saggita
19.96397164,2.18E-09,38.76000232,alpha,30.44747765,29.10401039,6237.993588,34.92294866,19.42117242,3,Alpha Hemithea
22.77325958,,25.8094874,alpha,17.15223368,17.97142046,6237.993588,14.32969524,24.95701008,3,Zeta Draconis
40.41917829,2.93E-09,31.71210879,alpha,23.86660262,22.58431131,6381.683438,28.36902571,31.17289088,2,Gamma Saggita
37.57292488,3.40E-09,24.96580745,alpha,41.98677339,,5310.366982,40.62301756,33.49245168,2,Gamma Saggita
38.97655246,2.97E-09,43.00467433,alpha,17.51197636,32.55162663,2495.815985,40.07444335,19.23687786,2,Alpha Boreas
34.03115343,2.67E-09,19.91980544,alpha,24.23343722,35.71079618,6237.993588,34.69381608,32.88204452,2,Alpha Boreas
22.26675269,4.45E-09,40.78207169,alpha,39.00701449,41.94255153,5078.997162,,16.88252499,3,Alpha Hemithea
32.68487088,3.82E-09,43.00467433,alpha,,41.94255153,6237.993588,30.32397158,16.51972049,2,Zeta Draconis
27.43180861,3.40E-09,33.91269968,,34.03224125,41.94255153,5090.11025,37.50657504,22.56198501,3,Alpha Hemithea
20.18131579,2.67E-09,44.59595504,alpha,,15.23202842,6612.171629,26.48298578,23.05243744,3,Alpha Hemithea
34.14368551,2.77E-09,15.5834829,alpha,,20.03236889,,19.92334353,15.0640571,3,Alpha Boreas
23.07291005,,23.60533414,alpha,19.35522096,37.62479387,2818.571131,40.62301756,33.49245168,3,Alpha Boreas
49.42567531,3.82E-09,20.58705631,alpha,16.82327828,23.84790843,5572.152957,37.76955092,33.49245168,1,Gamma Saggita
33.19225862,3.25E-09,16.92675744,alpha,25.61956863,23.37647582,4211.208124,30.94082528,16.51972049,2,Zeta Draconis
41.91856011,3.79E-09,28.5459547,alpha,,31.51555355,,12.93795579,19.74523965,1,Beta Eioneous
36.75701312,3.30E-09,43.00467433,alpha,15.91174927,24.07846748,,37.80431714,19.65264498,3,Alpha Boreas
27.36242748,2.74E-09,36.3974739,alpha,20.49026284,15.93701594,5865.072282,37.04029658,18.89845566,3,Alpha Hemithea
44.16633131,4.45E-09,36.59371083,alpha,17.7867806,27.80281705,2969.218162,,16.67437787,2,Alpha Boreas
20.18131579,4.45E-09,18.74837243,alpha,23.77339084,20.03236889,4150.587665,34.47909864,27.75537873,3,Alpha Boreas
20.18131579,2.97E-09,12.20543187,alpha,41.98677339,30.21572559,6237.993588,41.89739034,22.19559035,2,Alpha Boreas
24.79586949,3.31E-09,16.12053192,alpha,41.98677339,31.58457526,6237.993588,37.99698571,23.08443129,2,Alpha Boreas
40.67822532,4.15E-09,43.00467433,alpha,24.47902666,,5494.704729,22.36263251,29.98164505,3,Gamma Saggita
21.91842484,3.44E-09,41.2763182,alpha,35.18633673,38.3490802,4504.447699,36.61026187,8.03914705,2,Alpha Hemithea
30.50953846,2.71E-09,24.76794498,alpha,25.75655217,34.64417122,4575.395306,26.59377762,33.49245168,2,Alpha Boreas
36.56862677,3.36E-09,32.34979348,alpha,20.55772312,29.16941904,6149.46851,29.2259628,16.69656714,,Gamma Saggita
,4.45E-09,27.21187966,alpha,23.87097224,32.6035438,4725.114226,40.62301756,10.17418897,2,Alpha Boreas
20.53561779,2.99E-09,31.64388989,alpha,38.27498552,41.94255153,4482.339037,38.96288304,33.6091756,2,Alpha Hemithea
22.11666131,4.34E-09,21.05392632,alpha,48.60027602,41.46015535,3138.595248,11.72850855,27.40042044,2,Beta Eioneous
40.71581396,4.45E-09,33.48119286,,39.47886468,38.06886056,1909.838979,16.49037393,26.19099894,2,Beta Eioneous
23.37053449,2.78E-09,43.00467433,alpha,23.72671294,21.91029576,1711.927531,26.4557096,29.8346259,2,Zeta Draconis
20.18131579,3.60E-09,26.74048258,alpha,45.6484643,39.5707279,3384.121776,,,2,Beta Eioneous
13.59085727,4.45E-09,40.84788281,alpha,43.12766994,41.94255153,4622.46748,19.18556848,25.48182936,2,Alpha Hemithea
20.18131579,4.23E-09,23.9236653,alpha,41.98677339,32.03232359,5647.127978,40.62301756,21.96144044,2,Gamma Saggita
37.52611874,2.70E-09,27.12693751,alpha,17.33167605,42.1285046,3802.015556,15.07813604,22.53763721,2,Alpha Boreas
44.16633131,2.97E-09,17.47442836,,20.31706314,,6237.993588,34.23033466,25.14856899,3,Alpha Boreas
16.64340711,3.30E-09,38.7302996,alpha,28.73439695,29.57575228,4686.586545,38.72665383,25.85241678,3,Alpha Hemithea
22.28054626,3.53E-09,24.41403512,alpha,41.98677339,30.71355751,3092.55759,34.25898387,16.70556208,3,Alpha Boreas
28.67351422,3.51E-09,17.47442836,alpha,17.5660489,29.85497402,1745.15519,,28.72411014,2,Alpha Boreas
14.05575712,2.20E-09,,alpha,33.6379948,22.45129158,2818.571131,38.64322415,15.15192852,3,Alpha Hemithea
38.12943136,3.65E-09,43.00467433,alpha,18.68059371,28.3958852,4514.640659,22.90541589,22.69417809,2,Gamma Saggita
22.403836,1.98E-09,40.92917346,alpha,34.50741654,23.81085381,4546.832777,42.28379077,24.76269297,3,Alpha Hemithea
44.16633131,3.65E-09,24.81758758,alpha,,27.4955903,4019.941041,22.81275394,22.80141325,3,Alpha Boreas
39.20179267,3.03E-09,17.68559766,alpha,15.93214558,29.59481616,,29.98097236,33.49245168,3,Zeta Draconis
40.03599664,3.88E-09,23.84789303,alpha,40.28935194,30.20709375,2676.666762,22.82919429,19.94439057,2,Beta Eioneous
,3.80E-09,42.348902,alpha,17.15223368,18.66180989,,,27.64575161,2,Alpha Hemithea
13.17709142,3.57E-09,38.32325572,alpha,40.49414227,18.21173157,5690.992934,42.57973475,25.41589653,2,Alpha Hemithea
20.18131579,3.00E-09,27.61710317,alpha,26.33740788,20.03236889,2818.571131,25.58153673,23.62640774,2,Alpha Boreas
27.57280308,2.82E-09,13.37516592,alpha,29.29959219,35.64137932,3282.601517,38.00415943,22.78851406,2,Alpha Boreas
18.41172432,3.40E-09,45.17506122,alpha,27.83086866,27.29332748,6119.174063,40.49420006,16.11382691,3,Alpha Hemithea
27.55128945,4.16E-09,23.66282639,alpha,17.42472918,21.19714253,1807.560685,33.9726954,31.42935135,3,Zeta Draconis
28.29454492,3.43E-09,43.00467433,alpha,5.269585662,38.86074188,4411.710189,20.89973917,23.57094171,2,Alpha Boreas
30.26564766,3.36E-09,39.61396906,alpha,26.83200294,30.53752586,5283.842948,38.6909655,28.71612354,3,Alpha Hemithea
44.16633131,2.97E-09,35.50265441,alpha,39.13030578,27.91389448,5454.042983,37.98717012,29.52832697,2,Alpha Hemithea
36.37616461,4.48E-09,43.00467433,alpha,36.21987039,45.23927533,2988.373109,19.30749973,22.03691399,2,Beta Eioneous
30.75131884,,14.51187177,alpha,23.09819523,15.45859022,3971.629622,19.18556848,31.27474729,3,Zeta Draconis
19.28300254,3.31E-09,27.15123122,alpha,33.4114116,19.58908251,5392.059003,44.21706588,13.18562874,3,Alpha Hemithea
21.02017223,3.36E-09,19.5401259,,19.15680399,31.10396137,6237.993588,34.68629451,25.08960622,3,Zeta Draconis
24.30242702,4.08E-09,16.85979061,alpha,12.35037428,34.63524438,2818.571131,25.45150568,22.07185378,1,Alpha Boreas
20.18131579,,43.00467433,alpha,34.60291042,42.46844478,2741.939644,12.85984983,22.87875441,2,Beta Eioneous
43.03321065,,17.47442836,alpha,23.31730274,42.05452302,4615.310754,21.02466191,31.07737773,2,Gamma Saggita
30.2857626,4.15E-09,15.07964488,alpha,9.341388459,35.52889195,3420.158046,42.27689411,18.07489045,3,Alpha Boreas
44.16633131,4.00E-09,30.59952061,alpha,41.98677339,20.03236889,5507.255685,19.18556848,,3,Alpha Boreas
20.63297607,2.80E-09,32.52074694,alpha,33.9561867,21.3625663,5178.251529,36.96229363,25.16026562,3,Alpha Hemithea
36.65083585,4.06E-09,43.00467433,alpha,,20.03380789,5194.084522,40.62301756,27.35165095,1,Gamma Saggita
44.16633131,3.49E-09,28.67737281,alpha,17.98579672,38.36513853,3892.957642,32.97583097,25.97786587,3,Alpha Boreas
37.95728216,3.47E-09,19.91374327,alpha,,27.71835008,3956.141512,34.75293544,27.89848653,1,Gamma Saggita
30.32977018,3.29E-09,9.724071045,alpha,34.26678442,41.94255153,2596.70051,40.62301756,25.68149528,3,Zeta Draconis
18.34885961,2.87E-09,38.02697599,alpha,36.77292528,19.17143044,5384.317453,35.02601534,29.14096949,3,Alpha Hemithea
42.47501259,4.09E-09,24.63082313,alpha,28.97628,29.11866368,7119.610866,40.62301756,29.23620353,3,Gamma Saggita
20.18131579,3.39E-09,18.15801517,alpha,23.87186401,15.67500114,6237.993588,25.80201724,,3,Zeta Draconis
29.77209561,4.45E-09,12.75852613,alpha,18.37106733,27.52247882,6237.993588,27.13752738,31.81138008,,Zeta Draconis
16.99420128,,41.18502443,alpha,34.08846448,18.90602933,5922.128511,41.73168797,15.86742709,3,Alpha Hemithea
43.1784764,3.30E-09,18.90211444,alpha,15.22913128,28.99751066,5466.466006,21.05722832,27.41703131,2,Gamma Saggita
20.18131579,4.59E-09,24.3519074,alpha,34.51701693,20.03236889,6237.993588,,25.27857048,,Beta Eioneous
39.73186636,3.93E-09,28.24376572,alpha,39.72470078,31.24115285,3997.804971,20.68345072,29.50179741,2,Beta Eioneous
28.79242402,,23.26739332,alpha,8.036866848,36.49159189,6237.993588,19.18556848,24.47835159,1,Alpha Boreas
37.78934647,4.02E-09,17.47442836,,40.46905247,35.16024849,2973.242639,16.07155478,17.33037711,,Beta Eioneous
31.47402225,3.36E-09,30.82372361,alpha,28.72858307,37.17948241,4472.32585,,12.90589393,2,Alpha Boreas
41.6769143,3.53E-09,26.74999296,alpha,16.91299308,26.69569501,5664.751824,40.62301756,27.26955953,2,Gamma Saggita
,,20.14056276,alpha,28.90764988,41.94255153,3176.19892,36.51990538,36.82401747,2,Zeta Draconis
44.16633131,2.66E-09,18.29407124,alpha,15.17682962,,3431.707561,25.27688415,31.68722354,3,Zeta Draconis
,2.77E-09,43.00467433,alpha,14.06213788,20.28562359,2965.27303,32.56685754,24.82909063,2,Zeta Draconis
30.43624316,3.84E-09,16.92774913,alpha,24.75070885,22.00252968,2473.621841,27.31384645,28.37855764,3,Zeta Draconis
40.68093111,4.25E-09,33.04289928,alpha,,32.06375795,2880.880511,21.15733348,22.90172707,2,Beta Eioneous
22.85466829,3.86E-09,14.80637589,alpha,13.44105752,16.26121843,3113.510397,26.07878477,35.05342163,2,Zeta Draconis
21.36169508,4.45E-09,28.8212136,,30.12561249,44.60266922,4561.100332,33.94605808,33.49245168,3,Alpha Boreas
20.18131579,2.93E-09,16.13315456,alpha,23.55477802,27.42749398,4527.970154,26.20379716,23.66276641,3,Gamma Saggita
44.17535642,3.62E-09,26.52909038,alpha,20.03602372,20.76709303,4223.009541,19.61620426,27.46047762,2,Gamma Saggita
,2.97E-09,37.4561533,alpha,35.43598457,32.4307807,4543.250688,33.21258778,33.49245168,1,Alpha Hemithea
38.78458148,3.61E-09,16.85054307,alpha,16.3159643,20.01627997,2707.67458,19.18556848,34.30856731,3,Zeta Draconis
36.58319554,4.17E-09,9.871255417,alpha,17.48744279,41.94255153,2818.571131,40.62301756,35.40146349,3,Zeta Draconis
28.56147657,3.45E-09,44.9729468,alpha,,41.94255153,2818.571131,34.40970399,33.49245168,3,Alpha Hemithea
38.95775674,4.03E-09,25.01790533,alpha,41.98677339,23.19299893,6088.298308,33.92119158,22.80242797,2,Gamma Saggita
30.81612799,4.45E-09,19.46831931,alpha,41.98677339,23.09698534,6237.993588,40.62301756,16.51972049,3,Zeta Draconis
28.50718216,4.32E-09,9.834358933,alpha,26.42595999,41.94255153,4775.174996,33.54156498,33.49245168,2,Zeta Draconis
28.3249789,2.89E-09,15.0017089,alpha,41.98677339,22.14048405,3966.100683,29.52043872,26.15618797,1,Zeta Draconis
30.34484675,3.80E-09,31.35689509,alpha,17.15223368,42.50703311,4281.12881,9.873331033,19.05286345,2,Beta Eioneous
20.18131579,4.10E-09,32.00604949,alpha,,,2200.630393,18.33313346,,2,Beta Eioneous
44.16633131,3.56E-09,15.55563293,alpha,,,4457.603567,19.18556848,38.50446828,3,Zeta Draconis
,4.17E-09,28.20587765,alpha,37.72677933,38.83204354,2913.425995,16.55225148,24.84935502,2,Beta Eioneous
14.6447314,2.67E-09,18.73419089,alpha,41.98677339,24.17555967,3415.592918,38.80241264,28.91957831,3,Zeta Draconis
20.98480944,3.45E-09,43.18998375,alpha,17.15223368,16.06088052,4984.17548,19.18556848,33.49245168,2,Alpha Hemithea
27.72967002,4.45E-09,14.66290461,alpha,25.79993145,24.13650728,6237.993588,40.62301756,28.6691758,3,Zeta Draconis
29.12582151,2.73E-09,20.46935088,alpha,23.86920847,41.94255153,4387.570362,27.59637086,33.52157908,,Zeta Draconis
,3.90E-09,42.56859271,alpha,24.29990454,28.05172177,5333.163004,20.78566077,29.27617915,2,Gamma Saggita
,3.55E-09,24.72238641,alpha,23.45772589,28.40793772,7049.691577,22.50401156,23.24999613,2,Gamma Saggita
44.16633131,2.41E-09,20.28235878,alpha,27.37957122,,6237.993588,36.00867327,31.84209742,,Alpha Boreas
33.32506267,3.78E-09,34.25594424,alpha,,35.81387508,4095.425034,40.62301756,17.85377624,2,Beta Eioneous
32.6892962,3.86E-09,24.08011968,alpha,25.53718786,39.4564518,2940.77865,28.88350096,28.12182274,2,Alpha Boreas
28.44793851,2.09E-09,14.66828306,alpha,41.98677339,10.72979199,2387.437364,30.91718181,18.91211506,3,Zeta Draconis
32.19621647,,25.59731978,alpha,24.20843639,34.64780655,2818.571131,26.11142129,16.41503321,2,Alpha Boreas
42.57638436,3.93E-09,27.04730656,alpha,23.85018075,20.03236889,2818.571131,23.05590042,33.49245168,,Gamma Saggita
39.78476663,4.45E-09,26.40134759,alpha,16.18705812,,3247.678836,28.4156155,15.7703876,,Alpha Boreas
21.91718494,4.40E-09,26.51233997,alpha,19.321322,20.03236889,3070.396036,,,2,Alpha Boreas
28.18040569,2.86E-09,18.11094087,alpha,18.89949885,32.22112606,2818.571131,44.46648065,26.09312979,2,Alpha Boreas
20.18131579,3.30E-09,17.47442836,alpha,24.29234771,19.10097585,2818.571131,28.69635804,23.87944953,3,Gamma Saggita
44.16633131,2.98E-09,36.13674719,alpha,27.01735512,22.64803263,2818.571131,,19.54506563,2,Alpha Hemithea
29.40989334,3.93E-09,14.45621574,alpha,19.87223318,34.13157426,3290.294159,33.48690341,28.96649961,,Alpha Boreas
45.80006397,3.80E-09,26.06603037,alpha,16.97138568,,5327.621666,27.52789834,28.76418006,2,Gamma Saggita
45.39637639,3.84E-09,43.00467433,alpha,20.28282114,27.98046635,6079.320784,19.18556848,36.9655045,2,Gamma Saggita
44.16633131,2.67E-09,25.06102438,alpha,33.64707831,39.88493365,3287.800008,20.26439038,30.32115637,2,Beta Eioneous
44.16633131,4.45E-09,43.00467433,alpha,17.42342091,20.03236889,6237.993588,19.18556848,24.37407517,2,Alpha Boreas
31.37344831,,14.63896197,alpha,23.1562445,16.39201625,6237.993588,26.00119157,18.67842414,3,Zeta Draconis
36.16625477,,19.27855697,alpha,36.12806242,37.74098755,4299.952794,13.86174373,27.70417325,,Beta Eioneous
36.21777964,4.04E-09,18.58796974,alpha,28.27997593,22.04862905,3372.214672,20.23520093,27.40304888,2,Zeta Draconis
43.26061088,4.45E-09,18.80432256,alpha,12.34241527,38.11926284,5692.691173,27.41000273,23.07298793,1,Gamma Saggita
18.14693714,3.54E-09,40.20892302,alpha,27.64012934,30.07811671,4250.744539,35.56692656,13.54856444,3,Alpha Hemithea
17.31368639,2.16E-09,30.86032989,alpha,33.65209069,41.94255153,4616.055047,36.57486986,28.73698368,3,Alpha Hemithea
45.68164126,2.84E-09,43.00467433,alpha,23.848884,39.02322314,2818.571131,13.44743724,30.98809438,2,Gamma Saggita
11.15912074,,32.53748566,,37.35770324,41.94255153,5498.985963,35.66347506,33.49245168,3,Alpha Hemithea
44.8695113,4.45E-09,,alpha,26.02432811,31.28310252,5325.348654,40.62301756,,3,Gamma Saggita
18.63332227,3.34E-09,,alpha,34.56844711,30.31392389,6237.993588,38.4171929,33.81369421,3,Alpha Hemithea
44.16633131,4.02E-09,18.11717353,alpha,41.98677339,41.94255153,3229.377873,31.06574923,33.49245168,3,Alpha Boreas
24.14219162,3.61E-09,28.54832598,alpha,41.98677339,16.84946047,,22.60263496,31.03893702,2,Zeta Draconis
19.52861801,2.78E-09,35.29619786,alpha,37.01062144,37.62475868,3958.243544,19.18556848,17.71786589,3,Alpha Hemithea
18.97697788,3.00E-09,44.23986854,alpha,40.59258446,21.29055567,5535.749069,48.47580059,19.51302206,3,Alpha Hemithea
,,43.00467433,alpha,17.78479518,42.43487351,4440.416243,19.18556848,16.51972049,2,Alpha Boreas
38.60035307,3.65E-09,24.24208963,alpha,14.43071832,19.64732675,6091.041718,26.08502907,24.05416165,3,Gamma Saggita
44.6862951,3.52E-09,20.02700746,alpha,44.68414253,36.35826189,2891.397877,11.41523868,16.45294604,2,Beta Eioneous
32.51197885,4.45E-09,,,30.79021674,31.83550648,2704.054539,,18.70956618,2,Beta Eioneous
31.47740735,4.43E-09,28.4307964,alpha,45.79467351,20.03236889,2733.665605,12.33065592,27.88106644,2,Beta Eioneous
22.54297738,3.51E-09,43.00467433,alpha,26.33609089,20.93741852,6237.993588,27.95513115,24.36935411,3,Zeta Draconis
39.78797898,4.81E-09,35.06739323,alpha,,27.23315956,5076.735818,29.22327138,16.51972049,3,Gamma Saggita
37.35933159,2.67E-09,43.00467433,alpha,36.21245813,38.1370996,2451.705231,40.62301756,,2,Beta Eioneous
23.8431374,3.33E-09,21.18329371,alpha,26.34109845,27.07486823,4310.148585,,16.21090537,3,Alpha Boreas
39.00735592,4.78E-09,28.42086687,alpha,25.07459853,41.94255153,5572.846356,19.18556848,20.09043081,2,Gamma Saggita
31.10124803,4.45E-09,27.4565383,alpha,,32.57899809,6109.532498,34.60993348,35.08333098,3,Gamma Saggita
37.74409387,4.59E-09,23.86456652,alpha,24.87843825,22.26372024,3064.561892,34.79767155,31.74788183,3,Zeta Draconis
23.94854473,3.36E-09,17.49500676,alpha,23.05396349,13.01066139,4620.555708,25.69129198,28.11891113,2,Zeta Draconis
31.18606307,3.54E-09,19.07008114,alpha,23.41568853,22.6070336,4336.722412,28.64150327,27.26790614,2,Zeta Draconis
30.01747296,4.45E-09,24.45961105,alpha,41.98677339,40.8376651,5020.775557,19.18556848,33.49245168,2,Alpha Boreas
39.86407089,4.12E-09,,alpha,40.67138486,40.654399,6237.993588,19.54611779,25.50537649,2,Beta Eioneous
20.64914729,3.54E-09,44.4531875,alpha,35.44351084,41.94255153,,19.18556848,33.49245168,2,Alpha Hemithea
37.22328098,3.58E-09,27.20369816,alpha,41.98677339,31.89684141,2818.571131,31.10168161,,3,Alpha Boreas
48.26396083,3.89E-09,23.56691961,alpha,18.0872411,41.94255153,4778.473097,28.53431385,17.01443887,3,Gamma Saggita
31.78311096,3.55E-09,24.22781733,,23.27464726,35.93276423,2775.582494,30.9904197,,2,Alpha Boreas
38.13701631,2.67E-09,30.80941333,alpha,33.9330525,40.47452799,4122.153978,28.19186727,24.48341842,2,Beta Eioneous
,3.80E-09,24.4558126,alpha,24.40319863,41.94255153,5374.072794,,28.65461881,2,Gamma Saggita
11.62299769,4.45E-09,40.34057045,alpha,35.30752602,21.24608447,5247.043509,46.01397998,16.51972049,3,Alpha Hemithea
23.59041633,2.29E-09,40.79578045,alpha,26.13075845,22.98886449,4123.452208,38.69584923,22.14597948,1,Alpha Hemithea
39.44554636,3.66E-09,43.00467433,alpha,41.98677339,27.4331084,3339.750862,,16.23710155,3,Gamma Saggita
44.16633131,3.65E-09,12.29338897,alpha,24.56499226,,6237.993588,26.53151423,36.34774007,3,Zeta Draconis
44.16633131,2.96E-09,43.00467433,,41.98677339,,4441.694356,,,2,Alpha Boreas
29.02789876,2.78E-09,23.71852415,,26.83233725,20.03236889,4074.463351,19.18556848,23.06007481,2,Alpha Boreas
31.91720838,3.79E-09,7.258703895,alpha,26.22221488,18.93568557,6237.993588,29.47355365,16.51972049,3,Zeta Draconis
42.94163102,,25.51343633,alpha,40.23950648,20.03236889,2915.723787,17.68910644,29.40805128,2,Beta Eioneous
37.55591262,4.15E-09,13.93164143,alpha,24.97269785,21.49171758,2640.609492,19.85705489,25.1975316,3,Zeta Draconis
33.03595369,3.52E-09,32.26877945,alpha,41.98677339,,4538.913954,29.99591314,16.51972049,2,Gamma Saggita
23.54318899,2.72E-09,32.43008038,alpha,29.29266474,21.75162342,5665.343116,40.74038519,17.88135165,3,Alpha Hemithea
,3.57E-09,43.00467433,alpha,34.24723381,37.30140926,4195.550948,22.02561584,,2,Beta Eioneous
43.74412307,3.90E-09,43.00467433,alpha,,41.94255153,4534.973478,26.06599325,20.00025389,2,Gamma Saggita
39.69255484,3.40E-09,43.00467433,alpha,41.98677339,41.94255153,5294.396863,21.59045585,33.49245168,3,Gamma Saggita
20.18131579,4.66E-09,20.16773758,alpha,33.39088359,35.3220291,2838.692233,16.29415395,28.42246934,,Beta Eioneous
20.18131579,3.60E-09,16.94997128,alpha,18.89650598,28.01389644,6237.993588,19.90886466,32.29824443,3,Zeta Draconis
33.87398627,3.84E-09,24.8659719,alpha,36.98888781,37.86773099,3300.951618,28.64053961,29.0081295,2,Beta Eioneous
,2.96E-09,16.91591314,alpha,41.98677339,41.94255153,3986.054997,,29.41842007,2,Zeta Draconis
24.93397468,3.33E-09,36.41226048,alpha,38.29539895,28.92061752,4171.308005,46.80513962,33.49245168,2,Alpha Hemithea
,3.81E-09,17.47442836,alpha,35.12438144,40.71596329,1506.545071,17.78216283,32.02971745,3,Beta Eioneous
42.74145891,3.61E-09,28.72668377,alpha,27.15930069,,6080.644467,32.39212553,16.51972049,2,Gamma Saggita
44.16633131,4.12E-09,25.37281963,alpha,25.73218424,36.76802816,4542.138324,36.20445312,11.71145784,2,Alpha Boreas
20.18131579,4.26E-09,21.16403643,alpha,33.24645897,32.61275318,2132.275903,17.74725201,24.62199359,2,Beta Eioneous
31.91623051,3.51E-09,25.71771933,alpha,41.98677339,41.94255153,5589.545178,34.3862155,26.14307397,2,Alpha Boreas
24.04358351,3.96E-09,11.7615229,alpha,19.75588432,23.10413912,3251.561256,27.07653407,28.1730226,3,Zeta Draconis
38.33380953,3.85E-09,33.16101045,alpha,37.13068113,32.18906622,3247.449262,30.0279767,34.1741739,2,Beta Eioneous
34.21243566,3.38E-09,39.8041114,alpha,,43.915466,4548.055108,40.62301756,16.51972049,1,Beta Eioneous
44.16633131,3.91E-09,16.98405738,alpha,25.24353,20.26017827,2824.59838,30.98185649,29.01205665,2,Zeta Draconis
22.46444714,2.95E-09,43.00467433,alpha,27.0617642,35.67827857,,33.29666239,16.51972049,3,Alpha Boreas
31.84108466,3.31E-09,17.10633699,,25.44019923,22.97560791,2687.125969,33.31150502,27.4412553,3,Zeta Draconis
42.25165097,3.40E-09,,alpha,23.59637691,27.04098161,6480.808047,21.8699547,16.51972049,2,Gamma Saggita
15.57827271,3.85E-09,,alpha,36.16467396,22.75538536,4540.26958,,33.49245168,3,Alpha Hemithea
28.84441245,4.14E-09,35.26912156,alpha,19.61880125,,6237.993588,28.49663601,23.0830093,2,Alpha Boreas
39.5710706,4.45E-09,28.75931344,alpha,18.55527592,30.79165321,5037.834261,21.48910692,19.99629022,3,Gamma Saggita
24.58457029,4.02E-09,19.53821301,alpha,30.70190347,16.70894892,,29.13884096,27.32605398,3,Zeta Draconis
,3.95E-09,43.00467433,alpha,29.99417085,26.86675391,6237.993588,27.65965218,34.61653307,2,Zeta Draconis
40.44019306,4.10E-09,25.94266747,alpha,39.98962187,31.85234595,3154.009814,15.69394304,25.944326,2,Beta Eioneous
33.92513006,3.79E-09,27.05725694,,17.15223368,34.31570345,6237.993588,20.73441083,23.69351191,2,Beta Eioneous
44.16633131,,43.00467433,alpha,23.91586736,31.77334218,,33.79812323,19.88680415,2,Alpha Boreas
33.91071681,3.54E-09,24.90806853,alpha,17.43030572,,4153.965825,35.3454619,22.65925897,3,Alpha Boreas
36.57254448,3.30E-09,36.08154891,alpha,16.5840605,26.98462322,6238.679988,27.68159933,25.6647482,2,Gamma Saggita
42.9204207,3.59E-09,34.32742558,alpha,20.35238188,,6938.492085,31.17261583,13.81510096,2,Gamma Saggita
28.47109999,2.67E-09,20.829197,,24.80799838,29.10344747,4275.790996,28.70629726,33.49245168,3,Zeta Draconis
37.82051867,3.78E-09,8.423551057,alpha,18.20371367,22.33763148,2366.68548,15.18555934,36.43809875,2,Zeta Draconis
19.45152235,2.94E-09,42.07900161,alpha,27.54627971,41.94255153,5094.485144,36.68278529,17.09971234,2,Alpha Hemithea
31.78063313,2.92E-09,34.31126959,alpha,41.82401331,41.94255153,4603.957382,33.86415655,16.51972049,3,Alpha Hemithea
40.140102,4.45E-09,26.92592542,alpha,23.07858468,41.94255153,5481.157173,29.81545932,34.92017529,2,Gamma Saggita
28.79066735,3.58E-09,24.28084061,alpha,20.1489568,24.01637527,5376.315941,40.62301756,13.63737105,2,Alpha Boreas
20.18537776,4.45E-09,49.2356739,alpha,19.56727159,41.94255153,5459.507405,36.16335281,16.10130686,2,Alpha Hemithea
33.39647541,2.70E-09,19.28630877,alpha,41.98677339,29.19757361,2848.148977,28.75716689,32.20176041,3,Zeta Draconis
39.40319066,3.82E-09,23.52478444,alpha,,38.86742653,,17.81766099,33.49245168,,Beta Eioneous
20.18131579,,32.72219054,alpha,28.03315819,36.57088826,4715.586397,,24.7518089,3,Alpha Boreas
40.88108285,4.06E-09,43.00467433,alpha,37.88083835,37.59891849,3276.087412,40.62301756,24.73271083,2,Beta Eioneous
23.29439475,2.69E-09,,alpha,18.72379669,27.41322363,3089.033222,27.72506612,22.32042896,2,Alpha Boreas
28.2982622,2.83E-09,17.47442836,alpha,33.21447324,20.03236889,,35.99932486,25.88579606,3,Alpha Boreas
37.14554736,2.73E-09,29.12533055,,17.15223368,18.38749567,5324.561346,17.58127125,31.92553706,3,Gamma Saggita
36.27583875,3.97E-09,17.47442836,alpha,36.18076461,39.82729687,4160.881176,15.53641317,14.14659324,2,Beta Eioneous
44.16633131,,48.52045028,alpha,35.93511699,26.92394207,4391.710552,,,,Alpha Hemithea
19.92255985,,33.63399791,alpha,36.69404346,41.94255153,4114.892256,43.8439351,17.96683489,3,Alpha Hemithea
33.82052245,3.29E-09,21.14413881,alpha,41.98677339,41.94255153,2761.044316,,31.37713184,3,Zeta Draconis
44.16633131,2.59E-09,49.2576126,,34.05547203,21.40082907,5531.579526,36.78798679,12.91565021,3,Alpha Hemithea
20.18131579,,23.33450452,alpha,37.21951529,35.01610125,2987.817673,13.25699124,33.49245168,2,Beta Eioneous
38.85814883,2.67E-09,26.9815655,alpha,34.92336552,36.30242854,4278.701314,16.43240566,18.90528252,2,Beta Eioneous
28.93493308,4.45E-09,13.09289477,alpha,18.17925988,,6237.993588,,17.57792138,,Alpha Boreas
30.18470376,2.18E-09,27.04407873,alpha,19.96727228,20.03236889,5660.668939,17.69347757,19.7454843,3,Gamma Saggita
37.00243149,4.19E-09,34.84078207,alpha,44.85787417,39.81171149,6237.993588,21.45096341,33.49245168,2,Beta Eioneous
24.60414827,2.28E-09,39.99069343,alpha,34.53171031,34.26736172,4288.43468,42.77304344,,3,Alpha Hemithea
45.78036725,3.50E-09,37.30966435,alpha,25.27915868,28.70004869,5325.434204,26.13286319,,2,Gamma Saggita
31.81804818,4.07E-09,27.74182267,alpha,36.70992147,36.57031347,4473.19984,15.97859298,28.45329294,1,Beta Eioneous
15.99440327,3.02E-09,35.28435882,alpha,37.61717571,28.55559604,5556.159583,,25.16977933,2,Alpha Hemithea
23.16866556,4.45E-09,36.79078242,alpha,,19.84551811,5218.154354,36.55638714,,2,Alpha Hemithea
,2.67E-09,35.1035166,alpha,41.98677339,20.03236889,5829.99077,28.61337382,32.93279006,2,Gamma Saggita
23.40269129,3.51E-09,20.04995284,alpha,26.21066021,35.58871506,4207.480488,38.75529886,15.17232281,3,Alpha Boreas
,4.45E-09,26.61575742,alpha,35.76238172,19.52619737,3338.624999,,17.03020965,3,Zeta Draconis
,3.61E-09,17.13198569,alpha,23.72069946,19.92025732,6237.993588,40.62301756,31.38019841,3,Zeta Draconis
20.18131579,,23.41363462,alpha,34.64808768,38.47108566,2522.331558,27.52257696,27.16780412,2,Beta Eioneous
29.94425,4.40E-09,23.71399537,alpha,18.97079914,26.66645651,3345.667509,20.89676448,30.38915639,3,Zeta Draconis
23.40749063,3.66E-09,27.21401685,alpha,23.14145517,20.03236889,3130.68062,26.66879323,26.05405093,2,Alpha Boreas
30.4384561,2.75E-09,12.30142898,alpha,23.59637233,20.03236889,3241.247635,33.52295304,18.26378444,2,Alpha Boreas
31.50798445,2.59E-09,17.87693262,,17.02980333,41.94255153,4465.527016,26.8607657,32.8779027,2,Zeta Draconis
50.94748893,3.43E-09,16.26572093,alpha,29.19522657,29.82074925,2818.571131,26.56508782,19.37041358,2,Gamma Saggita
38.68202212,,25.86561984,alpha,20.41813282,34.70292883,6237.993588,32.93047525,24.23201718,2,Alpha Boreas
30.80212287,,19.57974736,alpha,25.02162784,41.94255153,2785.367454,29.8407667,38.26426609,2,Zeta Draconis
31.55054819,3.65E-09,24.14973023,alpha,37.85914684,38.0936938,3211.437527,22.47445389,33.49245168,2,Beta Eioneous
44.27283435,3.65E-09,19.75544271,alpha,23.7780954,27.90494313,6775.926103,40.62301756,25.03050728,2,Gamma Saggita
20.18131579,3.41E-09,24.23705412,alpha,17.35925101,34.56965378,4375.701173,25.78701816,17.67594839,,Alpha Boreas
33.56097746,2.96E-09,,alpha,19.43571564,28.79787038,5958.673159,33.04615764,31.94318441,3,Gamma Saggita
18.62253511,4.09E-09,24.02750732,alpha,30.50869609,23.742246,5658.095897,,25.90242165,2,Alpha Hemithea
,4.45E-09,28.46063939,alpha,17.15223368,30.84476824,6237.993588,14.46420469,24.71386936,2,Beta Eioneous
44.16633131,4.37E-09,33.05611801,alpha,25.82647394,30.77823191,4481.049253,38.90146355,30.83750298,,Alpha Boreas
44.16633131,2.57E-09,47.03112118,alpha,34.41191711,23.31908851,4429.254295,36.41968147,19.10770727,2,Alpha Hemithea
,3.58E-09,30.54602965,alpha,16.61821311,15.22552581,6237.993588,29.69620924,,2,Zeta Draconis
29.16586551,3.56E-09,10.98867724,alpha,,21.09347382,2458.5882,20.40588415,27.5498147,3,Zeta Draconis
31.83516736,3.31E-09,25.66740194,alpha,32.85270924,20.03236889,2462.262095,17.84565124,25.85813512,2,Beta Eioneous
29.51348249,1.79E-09,37.26811857,alpha,34.5383241,24.32779233,4286.91257,41.6614653,26.08218579,3,Alpha Hemithea
,2.55E-09,20.82834043,,,31.5324298,4479.287365,,32.9808008,3,Zeta Draconis
30.44421609,4.25E-09,15.5834309,alpha,26.7706833,13.38002836,4692.188386,21.6862236,26.2600792,3,Zeta Draconis
22.95636657,3.60E-09,41.5796015,alpha,29.61491744,27.78868703,5235.053008,45.57765257,23.97322903,2,Alpha Hemithea
24.33504183,3.23E-09,34.82003481,alpha,17.15223368,23.76792204,5296.09789,41.30483933,33.49245168,2,Alpha Hemithea
44.16633131,2.68E-09,47.93714721,alpha,33.98116477,31.78888676,4118.303589,38.24765441,14.16966492,2,Alpha Hemithea
21.13911451,2.75E-09,20.17465991,alpha,19.85490552,21.05118173,2803.563562,25.99394216,30.44544435,,Zeta Draconis
49.4573434,3.02E-09,32.97894914,alpha,24.16834198,35.04555627,,21.92886909,28.87759002,2,Gamma Saggita
43.10599946,3.59E-09,28.15687412,,20.68141168,41.94255153,5970.31688,40.62301756,25.45437817,1,Gamma Saggita
30.77039317,4.64E-09,19.2571378,alpha,39.48186403,40.48319721,2563.475704,17.64545773,28.94361481,2,Beta Eioneous
44.16633131,3.27E-09,26.00891025,alpha,17.98997066,35.16867726,3851.568786,28.11336209,19.73410039,3,Alpha Boreas
23.64893727,2.90E-09,42.76925304,alpha,29.28063245,30.23038049,2818.571131,,22.31378511,3,Alpha Hemithea
,4.45E-09,35.65264959,alpha,34.58162062,29.75526726,5237.203697,33.77058464,18.80487169,3,Alpha Hemithea
30.33079903,4.45E-09,43.00467433,,25.6366454,,,20.79446168,25.66783389,,Zeta Draconis
28.76502832,3.60E-09,,alpha,14.87942614,41.22260938,5643.340004,25.40231969,16.22427321,1,Alpha Boreas
19.65079761,2.30E-09,35.73013158,alpha,34.15973316,41.94255153,4464.212348,,28.89408635,3,Alpha Hemithea
42.37514004,2.31E-09,43.00467433,alpha,23.55940152,29.86358774,6471.875401,20.2656094,32.0052464,2,Gamma Saggita
33.23207781,3.33E-09,43.00467433,alpha,20.25613951,17.55877029,3282.774231,,35.50455323,2,Zeta Draconis
27.32950189,3.79E-09,17.18776719,alpha,,10.5888697,3005.82602,19.18556848,28.15195172,3,Zeta Draconis
36.8598517,2.38E-09,26.10454069,alpha,28.06297979,32.46403519,4722.306147,33.35468114,31.73057701,2,Alpha Boreas
47.80378798,3.33E-09,32.24112966,alpha,41.98677339,41.94255153,2818.571131,40.62301756,23.60229143,1,Gamma Saggita
32.53162797,4.74E-09,23.79398899,alpha,39.49723948,32.09909361,3135.305459,17.53942139,18.86611337,2,Beta Eioneous
28.78392499,2.67E-09,28.48426519,alpha,17.15223368,36.33649006,1670.673966,20.52683626,28.52151134,2,Beta Eioneous
23.28399591,3.65E-09,43.00467433,alpha,,37.72277742,3214.986622,36.43081057,25.83193352,2,Alpha Boreas
19.45957288,3.90E-09,18.17310423,alpha,,13.28794757,4355.741987,,18.6326958,2,Zeta Draconis
44.16633131,1.67E-09,43.53205244,alpha,27.84979368,41.94255153,5826.871665,38.54882107,15.58772229,3,Alpha Hemithea
29.15845395,2.88E-09,16.40666598,alpha,20.23675191,41.31474802,,,27.69775569,2,Alpha Boreas
31.46335239,3.03E-09,15.85174045,alpha,30.69880952,32.2094874,2818.571131,33.89720398,29.9511997,2,Alpha Boreas
44.16633131,2.36E-09,44.54462526,alpha,29.94079045,35.6359669,5205.960893,37.2455958,33.49245168,2,Alpha Hemithea
20.18131579,3.88E-09,27.33909173,,41.01558223,38.51848538,6237.993588,28.04244442,17.47323683,2,Beta Eioneous
49.67633933,2.67E-09,28.23583325,alpha,26.91408572,41.94255153,5632.671559,19.18556848,19.97579512,2,Gamma Saggita
28.28122035,3.51E-09,17.80290628,alpha,11.13517971,21.53767254,2818.571131,28.31752544,22.88140029,3,Alpha Boreas
28.61556375,2.72E-09,25.92163819,alpha,41.98677339,20.59280596,3190.292873,,30.93852168,2,Zeta Draconis
32.6068462,3.23E-09,17.47442836,alpha,33.62425815,,2196.999676,30.48516253,32.19886979,3,Zeta Draconis
17.23262798,2.69E-09,44.42196866,alpha,37.99427413,,4002.799901,34.49452707,24.99894707,3,Alpha Hemithea
20.18131579,5.02E-09,17.47442836,,39.32387446,39.05264126,3206.496181,11.70583176,23.0206635,2,Beta Eioneous
32.34697814,3.64E-09,43.00467433,alpha,25.29908283,27.11780707,3002.179276,22.82699241,33.88040327,2,Zeta Draconis
44.16633131,2.30E-09,21.00632331,alpha,25.83248027,28.72621926,2818.571131,40.62301756,16.51759649,,Alpha Boreas
30.83764941,4.14E-09,24.25499749,alpha,18.09762775,,2847.824605,21.71854363,37.89292573,2,Zeta Draconis
34.17581592,3.42E-09,24.43141649,alpha,26.92543679,,4033.972081,,22.53179602,,Zeta Draconis
20.18131579,3.92E-09,23.82348915,alpha,17.40116099,20.03236889,6404.131004,21.023912,25.39604206,1,Gamma Saggita
29.27668041,2.78E-09,43.00467433,alpha,41.98677339,20.19997207,4144.460179,25.36585018,16.51972049,3,Zeta Draconis
19.98721022,3.03E-09,17.47442836,alpha,40.32949127,17.90581128,5079.327934,35.58716465,33.49245168,3,Alpha Hemithea
24.90457659,3.02E-09,16.64605684,alpha,17.34856607,23.01885038,4707.559622,,16.51972049,3,Zeta Draconis
22.29198622,2.42E-09,45.44665026,alpha,35.32617757,15.40465226,5333.442972,36.94128403,27.26030889,3,Alpha Hemithea
44.16633131,4.85E-09,15.78273006,alpha,18.95698475,18.29650915,6237.993588,34.06587853,36.3772684,3,Zeta Draconis
21.3926889,3.86E-09,17.75555826,,18.88441766,41.94255153,4522.051809,26.48114698,22.30808575,3,Zeta Draconis
17.40759617,,42.12454725,alpha,36.32524277,41.94255153,4385.955278,19.18556848,16.74466402,3,Alpha Hemithea
43.91919474,4.11E-09,28.11633555,alpha,19.42333374,,4632.583314,40.62301756,28.50291243,2,Gamma Saggita
44.16441287,4.24E-09,23.87037995,alpha,,23.25022159,5652.805244,,28.84296357,2,Gamma Saggita
36.14904045,,,,25.23926274,23.33190489,5143.231521,21.8591648,19.51057891,3,Zeta Draconis
33.47734971,3.89E-09,43.00467433,alpha,38.191266,40.03624269,4406.582668,40.62301756,24.15217583,3,Beta Eioneous
28.2849655,3.79E-09,27.88660457,alpha,8.287269314,29.97349054,4189.958366,,23.32022636,2,Alpha Boreas
36.31826156,3.42E-09,17.47442836,alpha,,19.09244459,5284.169737,40.62301756,33.49245168,2,Gamma Saggita
23.35834842,2.96E-09,36.11756577,alpha,40.79214831,41.94255153,5688.956541,35.36876607,,1,Alpha Hemithea
37.43217503,4.19E-09,24.41348985,alpha,41.98677339,41.94255153,4557.809047,35.1137783,23.37992666,2,Alpha Boreas
28.09688514,3.42E-09,17.91704541,alpha,25.09030297,29.77454311,,26.3880929,27.54684621,2,Alpha Boreas
37.16168799,3.44E-09,43.00467433,,27.34911315,,4174.385621,21.49632651,31.70716483,3,Zeta Draconis
44.16633131,4.52E-09,18.5415086,alpha,35.4382586,37.58012581,3212.899209,33.09321144,18.09603747,2,Beta Eioneous
32.31557057,3.25E-09,20.67252848,alpha,24.35885837,23.15910912,6237.993588,40.62301756,32.11537308,2,Zeta Draconis
21.20388831,2.88E-09,35.72304811,alpha,34.17106132,27.47001784,5435.68346,,31.20907065,3,Alpha Hemithea
34.20270253,,31.4487907,alpha,39.64945697,40.6774181,2963.562478,,33.49245168,3,Beta Eioneous
44.9715652,4.45E-09,24.3601397,,16.82441873,24.24407074,6619.199264,20.46107421,28.80434535,2,Gamma Saggita
44.16633131,3.37E-09,17.34922382,alpha,28.19182129,20.01941789,4981.569864,28.24941078,37.02540838,3,Zeta Draconis
20.48572207,2.68E-09,40.89498568,alpha,40.05082587,21.92299342,5210.858071,30.68089007,22.41267809,2,Alpha Hemithea
20.10011813,3.35E-09,43.00467433,alpha,15.9396103,28.14119191,3913.304267,40.62301756,33.49245168,2,Alpha Boreas
36.96918415,3.30E-09,18.01017431,alpha,,24.2478223,4382.809403,23.0555205,33.49245168,3,Gamma Saggita
,2.11E-09,43.57827015,alpha,28.92780969,41.94255153,5448.29794,41.40681206,,3,Alpha Hemithea
37.4828186,3.54E-09,24.55941534,alpha,17.84382314,32.59020023,5053.385948,32.71110757,33.49245168,2,Gamma Saggita
,3.27E-09,17.47442836,alpha,17.15223368,20.03236889,5055.958352,40.62301756,36.90984627,1,Gamma Saggita
35.77178932,3.55E-09,,alpha,26.97860329,22.9707631,,29.67893102,21.86506731,2,Gamma Saggita
32.32132107,4.45E-09,43.00467433,alpha,14.57774611,,5081.69574,32.69299172,24.20021971,2,Alpha Boreas
20.22735313,2.77E-09,44.19277512,alpha,40.4323818,19.32877646,4434.235585,37.7973354,25.9764446,3,Alpha Hemithea
20.18131579,3.83E-09,26.59057353,alpha,24.31862753,20.03236889,6210.369536,28.07578994,25.31937058,3,Gamma Saggita
44.16633131,2.26E-09,41.61828493,alpha,42.58138323,16.65935463,,38.08747141,33.49245168,2,Alpha Hemithea
31.3757639,2.67E-09,,alpha,13.53553661,24.17037176,4733.149498,34.79064627,32.71488371,2,Zeta Draconis
44.16633131,4.04E-09,18.67511873,alpha,41.98677339,20.03236889,3811.406846,33.98703815,33.51758572,2,Alpha Boreas
18.37475737,3.41E-09,17.47442836,alpha,,14.24304081,2996.676423,26.93590842,16.51972049,2,Zeta Draconis
17.28926535,2.96E-09,36.47995038,alpha,35.80787537,30.71852801,4332.934846,36.63656583,33.49245168,3,Alpha Hemithea
33.162189,4.95E-09,23.43660819,alpha,42.62291964,42.46504042,3386.582088,40.62301756,23.67029721,1,Beta Eioneous
15.25398962,2.53E-09,20.91099265,alpha,25.41764301,22.22665835,4617.57918,34.79013177,33.73040268,2,Zeta Draconis
32.81906943,2.67E-09,26.02872395,,12.28141485,41.94255153,4432.979705,21.82937722,25.16839352,3,Gamma Saggita
17.34515014,3.91E-09,43.00467433,alpha,25.0269274,41.94255153,2818.571131,26.25950488,34.33435034,3,Zeta Draconis
38.58680478,2.61E-09,25.62102882,alpha,20.36927443,37.45295475,3441.07613,41.49384679,24.06631092,,Alpha Boreas
20.28441993,3.57E-09,37.75020819,alpha,33.11870232,41.94255153,5919.386159,33.3652148,,3,Alpha Hemithea
15.84937652,3.63E-09,13.44901467,alpha,17.18650388,23.97488479,3027.04855,30.77181293,30.32186147,3,Zeta Draconis
30.51543172,3.90E-09,15.26008921,alpha,27.9749502,23.80844645,3817.1648,32.53783203,28.45561643,3,Zeta Draconis
23.13048258,2.92E-09,42.76085767,alpha,17.15223368,34.92826768,3354.522543,41.18056186,18.23326185,3,Alpha Hemithea
35.98171308,4.45E-09,,alpha,25.14799836,22.20515588,6933.047812,16.29886673,23.40255927,2,Gamma Saggita
36.96892449,3.33E-09,34.4671043,alpha,24.74407413,23.298219,5242.409391,28.27415099,28.73942091,3,Gamma Saggita
18.27490279,3.96E-09,35.48863365,alpha,17.15223368,41.94255153,4752.735943,46.62684848,23.96361958,3,Alpha Hemithea
36.5684738,2.69E-09,35.33317921,alpha,32.65691318,38.49977981,,19.44602704,,1,Beta Eioneous
27.75427358,2.15E-09,39.30569588,alpha,28.57182408,30.56568395,4499.302344,33.87662127,22.80885474,2,Alpha Hemithea
24.64041591,4.45E-09,34.51683188,alpha,33.39549729,27.05201588,2818.571131,47.82350389,33.49245168,2,Alpha Hemithea
37.76526675,,14.0053085,alpha,15.62952037,19.90190399,3393.70655,40.62301756,,3,Zeta Draconis
,3.62E-09,20.1681569,alpha,34.76615831,42.52623448,3367.973215,19.18556848,19.92092347,2,Beta Eioneous
13.57851075,2.59E-09,48.99869276,alpha,35.0416911,23.08522098,6648.857849,35.04674346,14.61312417,3,Alpha Hemithea
22.12625901,3.66E-09,25.31817982,alpha,41.98677339,41.24220821,6237.993588,19.18556848,16.54770615,,Alpha Boreas
40.17475528,3.28E-09,24.65913635,,17.9715826,29.56440166,5710.254144,21.97290044,25.37484582,2,Gamma Saggita
36.6269262,2.67E-09,17.47442836,alpha,37.88744528,38.95763858,2572.318567,9.488277396,34.64421979,2,Beta Eioneous
,4.45E-09,26.40952663,alpha,55.33084628,37.61950831,,26.08802463,29.16721134,,Beta Eioneous
40.79183054,2.67E-09,24.86564361,alpha,25.08775835,31.07619101,5268.293324,34.1921133,34.59400325,2,Gamma Saggita
31.60661418,4.45E-09,43.00467433,alpha,17.72339039,34.88144555,6237.993588,36.31193324,18.23981225,2,Alpha Boreas
29.46938332,4.45E-09,20.66854053,alpha,16.68333335,31.90809864,,32.81843579,16.51972049,3,Alpha Boreas
42.43321305,,25.39035221,alpha,33.00465324,,,21.35553381,27.323249,3,Gamma Saggita
28.50006422,2.64E-09,25.72135979,alpha,26.17909128,21.25362686,3434.081643,20.19406718,23.53512212,3,Zeta Draconis
20.79501874,2.71E-09,30.97949835,alpha,17.15223368,20.62039002,5526.858193,43.88490753,22.36074108,2,Alpha Hemithea
38.86351559,3.27E-09,24.79483153,alpha,24.48619048,36.71559669,4602.470652,40.62301756,33.49245168,3,Alpha Boreas
30.9050892,3.29E-09,43.00467433,alpha,28.59326475,,,19.92873286,33.49245168,3,Zeta Draconis
23.81819454,2.95E-09,43.00467433,alpha,20.17211648,34.83902157,4451.955973,34.88559639,23.50499654,,Alpha Boreas
38.4240491,4.45E-09,43.00467433,alpha,35.68155536,37.52179308,6237.993588,20.51588147,33.49245168,3,Beta Eioneous
24.3244128,2.96E-09,17.47442836,alpha,41.35658149,19.85951571,5014.602897,37.86112253,27.99242231,3,Alpha Hemithea
20.18131579,4.08E-09,,alpha,29.49465398,20.03236889,3332.51582,,33.49245168,2,Beta Eioneous
,2.45E-09,19.81814745,alpha,16.931345,31.22628237,3877.527122,29.21868012,17.08905257,2,Alpha Boreas
32.0262851,3.43E-09,28.05344442,alpha,18.75847324,34.71974734,2332.780703,34.92998266,19.06649836,2,Alpha Boreas
29.95744955,4.06E-09,28.36378308,alpha,37.22622777,38.78222925,1896.897274,22.34542647,29.21869821,1,Beta Eioneous
19.96379615,2.94E-09,45.43513092,alpha,32.70583958,41.94255153,5343.617484,30.68124885,30.96627829,3,Alpha Hemithea
28.04539489,3.35E-09,33.31846816,alpha,41.98677339,41.94255153,4339.905214,32.59931698,22.27922586,1,Alpha Boreas
33.38474736,4.22E-09,43.00467433,alpha,25.93972918,41.94255153,5638.593293,40.62301756,28.31207839,2,Gamma Saggita
21.18406614,2.36E-09,39.36910572,alpha,34.88725364,34.61604693,4666.363413,37.44828353,18.99556771,3,Alpha Hemithea
23.47252485,2.91E-09,31.44802586,alpha,40.52696423,41.94255153,,45.67992793,9.786501762,3,Alpha Hemithea
31.56972149,,,alpha,41.98677339,,6237.993588,32.8817268,32.43369877,2,Alpha Boreas
,3.37E-09,24.26081207,alpha,14.03777667,31.44639528,6312.024001,21.95246843,22.96181506,2,Gamma Saggita
32.26657469,4.45E-09,10.2770527,alpha,,16.57904153,4087.397129,40.62301756,29.90089571,2,Zeta Draconis
33.85502151,4.05E-09,24.95323238,alpha,35.14332419,44.74506898,3855.267378,20.32348148,27.25748165,2,Beta Eioneous
27.4258612,4.04E-09,15.20562911,alpha,26.13028564,19.58851565,3098.253038,30.07580196,32.31032977,3,Zeta Draconis
13.04145052,2.89E-09,37.77366517,alpha,29.34301078,22.62217079,4278.921438,37.34345795,15.9844734,2,Alpha Hemithea
24.33531326,3.34E-09,32.79423861,alpha,41.98677339,27.33602343,6237.993588,34.91337616,37.09640848,2,Alpha Boreas
24.20629071,3.40E-09,17.47442836,alpha,16.96250738,37.10578138,3430.885476,32.67068977,33.49245168,3,Alpha Boreas
19.23356042,2.63E-09,46.01329407,alpha,40.50434403,,5446.944749,38.12428264,24.49379177,2,Alpha Hemithea
20.18131579,3.82E-09,24.52338603,alpha,24.0020205,42.52975776,4153.206789,40.45632412,25.02061463,2,Alpha Boreas
,3.99E-09,,alpha,16.85616124,36.03576586,4992.193455,40.62301756,24.49041114,3,Alpha Boreas
44.16633131,2.94E-09,34.10292054,alpha,25.72342585,20.19004364,4286.79078,43.76859232,17.59268572,3,Alpha Hemithea
31.77076444,3.45E-09,43.00467433,,34.9390508,40.59357063,3298.743647,25.59544448,16.18485785,2,Beta Eioneous
,4.45E-09,39.75757382,alpha,33.36836219,22.12951282,6077.785229,27.74035916,17.45364907,3,Alpha Hemithea
34.2257912,4.26E-09,17.91293441,alpha,17.58367636,21.27786407,2562.717832,,25.78150079,2,Zeta Draconis
18.44755597,3.02E-09,36.66825026,alpha,34.80325577,19.40656434,5965.780398,30.97618339,25.81476676,,Alpha Hemithea
27.74773134,3.87E-09,19.48111787,alpha,17.4475688,41.94255153,4215.979857,33.24554736,27.30907829,,Zeta Draconis
44.16633131,2.67E-09,20.64874166,alpha,14.50931238,41.94255153,4725.652287,30.11408369,13.56321903,3,Alpha Boreas
32.3635167,1.76E-09,43.09028747,alpha,37.11438451,22.77674122,4182.357837,34.37446334,18.03604622,2,Alpha Hemithea
24.84497843,3.00E-09,43.00467433,,23.73608014,,3091.989962,37.00135136,37.07985918,2,Alpha Boreas
31.39291515,3.45E-09,19.82315576,alpha,41.98677339,35.81097502,5090.49607,30.3140898,28.28237159,3,Alpha Boreas
33.76253291,3.39E-09,13.93741264,alpha,19.80283508,,3181.789496,30.06950005,36.75677478,2,Zeta Draconis
33.7055902,4.00E-09,18.69754075,alpha,18.23191054,30.3862024,4770.082078,29.26926401,29.38852398,2,Alpha Boreas
39.90433875,3.52E-09,32.34480336,alpha,29.51056953,29.18614062,4962.246179,27.67443786,,3,Gamma Saggita
22.98115805,2.74E-09,41.72843365,alpha,40.37338736,,6842.009586,44.52070331,18.36745735,3,Alpha Hemithea
,4.45E-09,39.65357427,alpha,44.16491643,29.34774587,2803.105566,,24.68835867,2,Alpha Hemithea
43.56789646,3.39E-09,16.83188979,alpha,,29.2888156,5393.271813,28.10406648,33.49245168,3,Gamma Saggita
,2.67E-09,33.61044107,alpha,41.98677339,20.03236889,5901.501444,21.25450923,32.14568694,2,Gamma Saggita
21.2689404,2.82E-09,34.90695591,alpha,39.91060902,29.97735447,5784.30235,39.0027458,33.49245168,2,Alpha Hemithea
21.24096195,2.01E-09,47.10922804,,29.0951264,41.94255153,5212.070321,19.18556848,16.07255247,3,Alpha Hemithea
21.15563246,3.03E-09,33.46481808,alpha,17.15223368,20.15379639,6237.993588,50.90829304,16.30604738,2,Alpha Hemithea
29.67038957,2.53E-09,40.66161746,alpha,37.94519633,21.8182552,6275.186269,34.4085759,16.62965944,3,Alpha Hemithea
28.12919482,2.01E-09,17.47442836,,38.3584467,31.75657889,5916.45312,35.35586552,17.55456733,2,Alpha Hemithea
,3.39E-09,26.25287467,alpha,19.3015711,20.03236889,4513.750133,27.46967712,23.01698428,3,Alpha Boreas
18.1488568,4.45E-09,44.76352503,alpha,33.91354993,41.94255153,5858.488914,39.63369002,16.13845404,3,Alpha Hemithea
40.72583402,3.97E-09,31.55090601,alpha,44.26821894,34.25415467,3839.757241,26.22323638,,3,Beta Eioneous
36.57492169,,17.47442836,alpha,35.48076333,29.98586925,2855.42503,40.62301756,33.49245168,3,Beta Eioneous
32.2411891,4.45E-09,27.98656009,alpha,24.12033008,20.03236889,3290.85936,25.32915661,23.52413997,2,Alpha Boreas
44.16633131,,,alpha,41.98677339,,,25.95233032,29.32104364,2,Zeta Draconis
30.59239523,,,alpha,24.35377954,20.03236889,4209.87765,18.99974405,33.49245168,2,Zeta Draconis
,3.33E-09,27.95507115,alpha,29.8203051,15.52571703,3129.55547,,16.51972049,3,Zeta Draconis
44.16633131,3.95E-09,43.00467433,alpha,19.87178113,34.87818256,5229.286787,40.62301756,13.74265024,,Alpha Boreas
44.16633131,2.88E-09,,,27.99607088,,,39.19413006,27.83230922,2,Alpha Hemithea
22.00881809,2.80E-09,39.70994497,alpha,17.15223368,27.04168185,5129.235483,19.18556848,,2,Alpha Hemithea
40.59625328,4.82E-09,,alpha,38.43814565,38.81501644,4425.658148,40.62301756,16.51972049,2,Beta Eioneous
20.62789746,4.45E-09,34.85274737,,36.80698563,29.37060335,5040.251976,39.31840146,25.05268811,3,Alpha Hemithea
31.41700803,3.48E-09,23.57326488,alpha,41.98677339,19.34378455,2757.913715,21.97711049,31.73067098,2,Zeta Draconis
36.10893059,3.45E-09,17.47442836,alpha,16.5559943,31.80795672,5188.398197,31.20754796,19.87063427,3,Alpha Boreas
44.16633131,2.91E-09,16.89006963,alpha,,16.48202768,3399.018698,29.88021131,,2,Zeta Draconis
10.51174528,2.44E-09,45.72311317,alpha,34.76872994,17.96184048,4122.066258,19.18556848,,1,Alpha Hemithea
30.1937898,2.67E-09,24.46442904,alpha,23.43476352,29.80368257,6881.398441,29.56683228,28.10430703,2,Gamma Saggita
44.16633131,4.49E-09,27.49581621,alpha,17.15223368,34.31160169,3392.108644,13.10589984,19.31789707,2,Beta Eioneous
21.62514666,3.39E-09,27.79901549,alpha,17.15223368,17.48515606,3894.806174,40.62301756,31.39352956,3,Zeta Draconis
17.15328584,2.85E-09,43.91017437,alpha,37.9256124,41.94255153,2818.571131,35.9103802,22.56829296,2,Alpha Hemithea
27.21402712,3.84E-09,17.66065886,alpha,34.25400751,34.33941409,3224.400719,29.87209335,12.90482891,2,Beta Eioneous
41.93649078,4.26E-09,17.47442836,alpha,29.20555892,31.37361138,3063.213224,22.25150235,23.9805408,3,Beta Eioneous
20.84092496,3.54E-09,47.64382629,alpha,28.89741948,41.94255153,5283.62015,37.14090683,15.61430068,3,Alpha Hemithea
39.18658087,2.67E-09,23.2209352,alpha,41.98677339,26.6564357,5209.136759,27.09350735,27.18872167,3,Gamma Saggita
29.5844359,3.29E-09,43.00467433,alpha,27.86679376,,5097.769322,,24.70076604,2,Zeta Draconis
27.21785874,4.64E-09,43.00467433,alpha,48.67891357,38.45861519,3090.650005,11.82443109,,2,Beta Eioneous
43.5517349,4.25E-09,19.7111038,alpha,23.43472115,31.88579451,6530.657793,19.18556848,24.95291027,3,Gamma Saggita
39.47987673,,26.46466988,alpha,26.20444242,17.57558873,2818.571131,18.35441833,23.49846827,2,Gamma Saggita
31.38221698,3.26E-09,,,41.98677339,21.54268452,3344.264677,17.03997573,33.49245168,3,Zeta Draconis
45.01587177,,30.84937927,alpha,,35.94865045,5541.381334,,,2,Gamma Saggita
29.88615243,4.03E-09,43.00467433,alpha,18.8314326,41.94255153,2818.571131,,24.04341943,3,Alpha Boreas
24.60464863,4.29E-09,20.25632627,alpha,23.88969524,32.34804758,6237.993588,29.99723009,29.43620108,3,Zeta Draconis
41.67968676,3.59E-09,28.47541728,alpha,41.98677339,28.57251592,,40.62301756,23.168567,2,Gamma Saggita
28.74585612,,16.26465615,alpha,24.81129507,21.73703808,3189.142909,40.62301756,30.88781882,2,Zeta Draconis
24.90648354,,40.22157738,alpha,28.96269604,41.94255153,5387.733702,36.1841085,25.7611574,3,Alpha Hemithea
44.16633131,2.98E-09,19.92728383,alpha,25.84130917,15.89351573,3007.043997,28.70851987,31.42858937,2,Zeta Draconis
31.26930939,3.43E-09,20.82539056,alpha,16.9920931,,5291.022901,19.05820755,35.86315528,2,Gamma Saggita
27.74941804,3.39E-09,17.47442836,alpha,,43.25598192,4277.174155,28.55347218,,2,Alpha Boreas
,3.59E-09,43.00467433,alpha,41.98677339,34.94420527,7068.224818,19.18556848,27.32862749,2,Gamma Saggita
37.0621902,4.06E-09,28.79760876,alpha,41.98677339,27.61186839,5389.055632,26.76646116,23.54929406,1,Gamma Saggita
,2.67E-09,28.72582913,alpha,20.18730407,34.69918849,5885.411284,25.46671477,33.28683581,3,Alpha Boreas
,2.61E-09,39.1716659,alpha,45.76189824,28.15969939,3866.443657,37.28528632,15.89502761,3,Alpha Hemithea
30.49268036,,43.00467433,alpha,30.29182398,35.25718842,4087.162794,17.74634972,33.49245168,2,Beta Eioneous
20.71530015,4.45E-09,34.40698895,alpha,19.0509113,35.2015533,6237.993588,30.239259,31.93883464,3,Alpha Boreas
,,40.12180238,alpha,38.8016637,26.93338144,4671.458137,35.65599108,14.32973082,2,Alpha Hemithea
37.55524905,2.93E-09,18.12014917,alpha,27.65328666,19.71896336,4079.851811,27.19548046,25.17855802,3,Zeta Draconis
19.93655118,3.77E-09,18.51058586,alpha,26.97427545,32.13006464,4111.99457,30.10363762,14.30939764,2,Alpha Boreas
31.71242062,4.45E-09,25.49726916,,18.82278187,41.94255153,3027.97865,40.62301756,26.21584594,3,Zeta Draconis
28.51254619,3.23E-09,20.6040403,alpha,,37.15692155,3922.278241,27.69328163,25.69958228,3,Alpha Boreas
27.73169705,4.45E-09,45.15443293,alpha,37.13493383,28.07974855,5224.227992,37.68746081,14.42644646,3,Alpha Hemithea
27.53826405,2.76E-09,34.22198035,alpha,26.69646711,41.94255153,2720.55153,38.79795892,28.02693581,3,Zeta Draconis
20.18131579,4.28E-09,32.32161859,alpha,17.15223368,43.23914926,4424.80773,25.98629625,30.8317077,2,Beta Eioneous
21.86138871,2.67E-09,41.16322431,alpha,33.59893631,21.45350476,6284.138109,34.44869915,23.44895134,2,Alpha Hemithea
20.18131579,3.41E-09,23.94204859,alpha,30.56853088,32.5814981,5671.579379,20.01043729,29.97672373,2,Gamma Saggita
23.50157111,3.36E-09,44.24788628,alpha,25.25431012,41.94255153,5010.05152,44.98963735,19.67622637,2,Alpha Hemithea
19.07013878,2.67E-09,,alpha,36.46574243,18.58996423,3451.068595,27.31016208,29.77496293,,Zeta Draconis
44.16633131,3.54E-09,,alpha,,20.10801698,4602.554906,27.84090685,11.93261689,3,Alpha Hemithea
20.55903216,,33.5790047,alpha,36.48306287,23.58454052,5637.508991,35.14464697,16.51972049,3,Alpha Hemithea
22.63616778,2.70E-09,31.52774425,alpha,17.15223368,22.90066632,6398.569832,37.76706612,19.95024583,,Alpha Hemithea
44.16633131,3.36E-09,43.00467433,alpha,23.12307844,19.60170095,4026.576443,40.62301756,28.22334346,3,Zeta Draconis
33.91235498,4.45E-09,13.81802061,alpha,26.0519287,19.67198848,4522.146922,27.55672244,36.02009748,3,Zeta Draconis
22.66741867,3.24E-09,,alpha,41.98677339,31.91466998,5371.50371,34.19989872,23.41512567,3,Alpha Boreas
22.98908671,3.62E-09,24.2142117,alpha,23.67688296,20.03236889,3793.99585,17.80684716,26.3151941,2,Alpha Boreas
38.24702486,3.58E-09,26.32581795,alpha,17.15223368,39.88993743,2231.131618,16.72762455,33.49245168,2,Beta Eioneous
31.08541572,2.49E-09,17.69472264,alpha,41.98677339,41.94255153,,27.51292668,33.49245168,3,Zeta Draconis
24.03232335,3.35E-09,16.55249894,alpha,19.96471381,34.34235618,4780.349123,36.27287991,33.49245168,2,Alpha Boreas
44.16633131,2.39E-09,32.79575103,alpha,36.19455439,29.04687905,5407.420835,33.96336572,21.92865406,3,Alpha Hemithea
34.13634622,3.51E-09,24.88652142,alpha,43.35461098,48.74457281,,40.62301756,33.49245168,,Beta Eioneous
30.89512897,4.30E-09,20.17700544,alpha,26.2435232,26.7785328,3144.981202,33.83617126,22.57052809,3,Zeta Draconis
27.45575731,2.31E-09,17.90369815,alpha,41.98677339,,,18.08917414,28.20426151,3,Zeta Draconis
17.18192741,2.86E-09,42.08309232,alpha,42.69910428,28.29245715,4342.832766,19.18556848,25.21006119,2,Alpha Hemithea
31.89849848,2.68E-09,34.09772297,alpha,41.98677339,21.20751017,2818.571131,28.60801228,29.09682644,2,Zeta Draconis
22.50811935,2.95E-09,25.18350138,,25.58972388,28.98341883,3010.153764,40.62301756,31.29549232,2,Zeta Draconis
23.51720589,2.78E-09,25.38477156,alpha,37.44019393,41.94255153,5169.974791,29.29305104,23.55443508,3,Alpha Hemithea
,3.85E-09,43.00467433,alpha,41.98677339,20.54396894,3798.51238,26.23997172,18.99666094,3,Zeta Draconis
27.86885578,2.97E-09,18.8308257,,27.92099902,27.27917582,2532.820657,20.38988341,33.84812847,3,Zeta Draconis
38.11243062,3.77E-09,26.05405189,alpha,,31.1984984,5513.870722,41.60905937,33.14035546,3,Gamma Saggita
19.00628698,2.95E-09,50.82636701,,39.67796444,35.07440286,4207.144822,35.0054115,14.70974479,2,Alpha Hemithea
44.35006353,2.90E-09,,alpha,41.98677339,30.98481511,5412.699333,40.62301756,36.26239455,3,Gamma Saggita
33.5345631,4.53E-09,43.00467433,alpha,41.98677339,21.25150096,6237.993588,21.3011209,25.3498772,3,Zeta Draconis
23.12557607,3.46E-09,17.98545533,alpha,19.82778377,36.0089868,4650.836566,30.94646331,25.34579298,3,Alpha Boreas
37.52610631,4.21E-09,,alpha,38.56530657,37.48000364,2808.142339,20.97386479,24.1370115,2,Beta Eioneous
20.83870228,4.45E-09,28.30703897,alpha,19.98488271,31.17053357,5014.821855,36.62312927,24.43860806,3,Alpha Boreas
21.3119893,3.50E-09,19.4559394,alpha,20.67410747,32.03596143,5467.410391,28.55314861,16.51972049,2,Alpha Boreas
20.92633178,2.98E-09,43.00467433,alpha,17.15223368,20.03236889,4080.26058,21.84871702,24.51010215,2,Alpha Boreas
29.91741113,3.97E-09,24.14448551,alpha,45.377346,32.14108959,6237.993588,16.91482181,24.60186644,2,Beta Eioneous
33.16055326,,43.00467433,alpha,27.01311961,20.43674238,,28.00860201,21.92957121,3,Zeta Draconis
23.71754011,2.60E-09,33.45108428,,33.03645581,41.94255153,5924.649173,36.34684342,29.78013757,2,Alpha Hemithea
30.34221007,,23.60453583,alpha,41.98677339,41.5364051,4325.94575,33.06878915,19.72237139,,Alpha Boreas
18.34497158,2.86E-09,37.51195531,alpha,38.57315003,41.94255153,2818.571131,44.55810689,25.19003981,2,Alpha Hemithea
23.0663039,4.45E-09,20.41148575,alpha,17.71969613,32.55313102,4464.781174,32.86791255,,2,Alpha Boreas
40.88071022,3.81E-09,32.31807083,alpha,25.93623608,28.76684146,5451.473331,40.62301756,22.61143478,3,Gamma Saggita
23.62908185,4.45E-09,39.53408766,alpha,24.14749439,28.98665284,4257.706737,26.80181507,17.77095471,,Alpha Hemithea
28.14454881,3.33E-09,19.10422602,alpha,19.96839905,41.94255153,2814.498012,40.62301756,32.86010784,2,Zeta Draconis
33.33242095,3.61E-09,15.64920748,alpha,41.98677339,,,28.96190466,18.75599463,3,Gamma Saggita
36.30199753,3.33E-09,43.00467433,alpha,29.38316269,31.12765884,5484.599241,20.58212572,23.32712186,2,Gamma Saggita
39.24485066,3.41E-09,17.47442836,alpha,34.45385457,34.005207,,22.95526019,,3,Beta Eioneous
20.18131579,4.96E-09,20.9271598,,37.92850669,34.45923807,3268.960203,15.16583875,16.51972049,3,Beta Eioneous
30.21681996,2.62E-09,43.42455136,alpha,37.96494771,17.12910827,5851.688578,48.51520121,31.33295172,3,Alpha Hemithea
39.38978911,3.47E-09,17.84268836,alpha,,28.02203383,5438.073203,27.18702132,34.8310926,2,Gamma Saggita
28.23037607,3.61E-09,18.55851218,alpha,28.20094861,,3837.2889,28.7809314,23.53903169,3,Zeta Draconis
20.4838627,1.76E-09,33.46528275,,36.81429103,26.86489626,6650.69217,42.18794893,15.93657837,3,Alpha Hemithea
18.20272869,2.56E-09,38.81110174,alpha,39.3552068,23.11501229,5420.805777,,20.00380958,2,Alpha Hemithea
24.28239004,4.45E-09,43.00467433,alpha,,23.22301625,2638.098158,32.4729578,40.043296,,Zeta Draconis
,4.25E-09,24.67759665,alpha,,40.52371698,,16.09664312,16.51972049,3,Beta Eioneous
30.54215038,1.97E-09,43.00467433,alpha,15.19317974,20.03236889,3051.215486,39.28227259,17.905968,2,Alpha Boreas
29.55249386,3.60E-09,14.44542283,alpha,41.98677339,22.28737042,3025.974297,25.61773736,23.41390629,2,Zeta Draconis
37.40182111,3.35E-09,26.6080044,alpha,35.85992145,40.1416576,3250.447396,40.62301756,25.75847173,1,Beta Eioneous
27.69904557,2.05E-09,37.93923311,alpha,33.61299114,28.21195263,,38.51685691,20.0676431,2,Alpha Hemithea
36.35390284,3.89E-09,25.8445181,alpha,44.42884927,35.57753366,3908.133791,40.62301756,16.0054102,2,Beta Eioneous
19.00793019,3.51E-09,42.14797408,alpha,29.72812456,41.94255153,5307.226323,41.89169937,22.54874611,2,Alpha Hemithea
42.09371479,2.67E-09,26.8216882,alpha,41.98677339,31.06696349,2818.571131,40.62301756,,3,Gamma Saggita
44.16633131,,17.47442836,alpha,41.98677339,,4237.217961,19.18556848,,3,Alpha Boreas
30.89481864,3.51E-09,19.30873312,alpha,23.82914674,34.6117925,,36.35240661,28.70614902,3,Alpha Boreas
44.93024818,4.32E-09,20.19615476,alpha,20.43275366,20.03236889,6372.604415,27.33521164,16.51972049,3,Gamma Saggita
32.21311271,2.82E-09,17.19290577,alpha,33.77480317,41.94255153,6237.993588,26.06079673,33.49245168,3,Zeta Draconis
21.25438022,2.94E-09,40.77739928,alpha,,24.09333019,5486.281018,42.3918714,23.20414718,2,Alpha Hemithea
32.82573279,3.85E-09,33.33000417,alpha,16.57584505,33.96583235,3957.674789,25.32028678,28.42933253,3,Alpha Boreas
27.79041208,3.44E-09,26.08704327,alpha,41.98677339,27.58254197,3983.732408,,29.9635614,,Alpha Boreas
36.16832403,2.67E-09,12.67944983,alpha,8.927306734,21.20328597,3007.035343,40.62301756,,2,Zeta Draconis
30.21325085,4.45E-09,,alpha,14.31402659,34.517065,,40.62301756,,3,Alpha Boreas
40.43428609,3.62E-09,19.97305032,alpha,20.83782367,32.62792102,5452.688592,29.9518064,29.46788281,2,Gamma Saggita
41.23691585,3.53E-09,27.60765589,alpha,17.15223368,27.73480302,6104.540212,40.62301756,28.93292883,3,Gamma Saggita
36.43008472,3.92E-09,25.63608635,alpha,35.27638875,37.13336437,2586.724953,26.54937087,17.76705869,2,Beta Eioneous
22.09013807,4.45E-09,37.91895222,alpha,27.33800502,35.25507589,4751.452373,27.06459061,14.28893274,3,Alpha Hemithea
17.19040591,3.32E-09,43.83797741,alpha,29.01701739,34.07125342,6470.97926,41.60498666,23.82140311,2,Alpha Hemithea
43.36025559,4.10E-09,28.22074689,alpha,25.85794627,29.55975475,5938.773438,33.35740919,26.21548054,2,Gamma Saggita
28.81632851,2.26E-09,41.43566506,alpha,35.18757992,41.94255153,5233.991837,45.35043611,15.11048464,3,Alpha Hemithea
30.69721993,3.54E-09,43.00467433,alpha,18.55386361,41.94255153,3018.233526,,33.26606228,3,Zeta Draconis
17.497669,2.68E-09,36.47660421,alpha,33.24898959,26.87485069,5814.780852,41.95510922,23.37375752,3,Alpha Hemithea
30.5763367,2.75E-09,25.21230154,alpha,11.37506696,37.92968569,4185.875788,25.55620526,24.17370491,2,Alpha Boreas
35.84567732,3.33E-09,17.79478699,alpha,17.15223368,,2818.571131,26.64682319,25.33071799,2,Beta Eioneous
36.80067007,2.46E-09,33.76446499,alpha,,37.70767826,6237.993588,21.41203579,14.56935667,2,Alpha Boreas
30.09661022,3.49E-09,10.47315803,alpha,23.31619239,41.47507021,6237.993588,28.00037981,23.87747371,3,Alpha Boreas
28.35724096,3.43E-09,35.75305861,,,27.02608848,6101.128599,26.2880664,19.42991518,3,Gamma Saggita
36.95371992,3.45E-09,24.80378104,alpha,,39.62336489,3159.974856,22.07965995,23.04975373,,Beta Eioneous
40.04831768,3.40E-09,43.00467433,alpha,48.76353231,35.44253251,2990.127341,23.10157007,,2,Beta Eioneous
28.78185165,4.45E-09,17.72764828,alpha,41.98677339,,2749.103035,30.68529821,27.99193952,2,Zeta Draconis
43.44815302,3.97E-09,21.06622057,alpha,19.43339853,32.09049558,5425.658668,19.4479523,18.95486772,2,Gamma Saggita
24.44312706,4.45E-09,39.53417592,alpha,42.50447146,41.94255153,5753.493797,40.68364763,,3,Alpha Hemithea
28.91608005,2.99E-09,27.1074733,alpha,20.59400338,,5829.403114,29.66173666,29.26909477,2,Gamma Saggita
33.25861431,4.42E-09,27.49952308,alpha,19.68090182,41.94255153,6237.993588,,30.75195776,3,Zeta Draconis
31.59636598,2.67E-09,26.90217065,alpha,13.05086762,28.40890506,4359.217895,40.62301756,27.40813177,2,Alpha Boreas
28.92853813,4.45E-09,12.15587141,alpha,17.15223368,41.94255153,6237.993588,27.20618163,27.6959477,3,Zeta Draconis
14.75043229,,38.7943535,alpha,27.80064475,,3260.249978,37.00329594,27.67564339,3,Alpha Hemithea
27.21896411,3.53E-09,24.00493619,alpha,7.869256616,,4326.840635,40.62301756,33.49245168,3,Alpha Boreas
24.40718009,4.45E-09,40.34573134,alpha,17.15223368,41.94255153,5307.394057,41.03376874,12.63162956,,Alpha Hemithea
30.97206078,2.97E-09,25.94559154,alpha,20.50713523,30.52082043,5368.48657,35.65001762,36.46196533,2,Alpha Boreas
47.40617229,4.65E-09,24.40460828,alpha,,30.03285157,5275.915144,25.26227195,27.70653293,2,Gamma Saggita
40.73053832,3.39E-09,32.32359532,alpha,14.26356568,20.93990184,5193.31756,19.18556848,23.13227528,2,Gamma Saggita
36.54568609,2.74E-09,25.09340329,alpha,27.01474536,31.95965077,3161.579689,27.60075299,19.52685361,3,Zeta Draconis
22.33141894,2.42E-09,42.53889515,alpha,32.88090554,28.27947361,2818.571131,34.61724274,16.07665331,2,Alpha Hemithea
31.53994503,3.63E-09,18.70870806,alpha,28.99621544,41.94255153,4987.926818,19.18556848,15.9531847,2,Alpha Boreas
28.65386626,2.20E-09,42.4834394,alpha,17.15223368,27.57852609,5874.808104,35.7684316,14.84420755,3,Alpha Hemithea
33.96020786,4.50E-09,,alpha,42.89711457,39.77508791,2897.949125,19.86047169,24.96216455,2,Beta Eioneous
14.15356853,4.45E-09,41.11261305,alpha,39.17187381,41.94255153,4601.878049,34.0393538,27.6997861,3,Alpha Hemithea
23.95724326,3.49E-09,38.01591604,alpha,17.15223368,21.45214201,5290.098853,32.39625283,33.49245168,3,Alpha Hemithea
44.7297895,3.54E-09,26.66470128,alpha,23.05814131,20.03236889,5547.591914,18.37002873,33.49245168,3,Gamma Saggita
31.94386977,2.67E-09,28.19709551,alpha,27.45366498,19.02595224,3860.434936,26.32837742,29.45329828,3,Zeta Draconis
42.80624375,2.74E-09,32.91311629,alpha,18.88088787,26.71850557,,27.26852634,23.18872727,3,Gamma Saggita
24.78183831,4.45E-09,17.00622489,alpha,18.21381461,23.55890267,3988.462628,26.28625579,33.01399809,2,Zeta Draconis
12.26719589,3.24E-09,42.96869834,alpha,33.01597766,28.81222588,5223.052898,36.53174999,18.07705734,3,Alpha Hemithea
28.74884639,4.57E-09,33.07849537,alpha,25.82872957,37.83349624,3792.043509,21.61774851,25.96281761,2,Beta Eioneous
27.40736821,3.78E-09,28.45261073,alpha,34.9740504,32.35646487,,,27.46111189,3,Beta Eioneous
39.88305394,4.45E-09,27.07518558,alpha,26.39234108,30.20224582,5953.044567,29.10552167,25.51480162,3,Gamma Saggita
40.26632624,4.32E-09,19.46414478,alpha,40.71807526,39.54756203,3004.140646,17.9175432,23.16133622,1,Beta Eioneous
21.54993279,4.66E-09,17.47442836,alpha,20.61919714,15.19292582,3939.509314,26.89525169,30.34538043,,Zeta Draconis
30.3578983,2.67E-09,14.52772827,alpha,26.63790007,17.07826889,3291.93442,27.07428727,33.49245168,3,Zeta Draconis
24.75654806,3.35E-09,42.53927513,alpha,34.87451607,22.44733901,5026.922201,39.1113486,27.78357566,3,Alpha Hemithea
33.25040838,3.66E-09,24.64138676,alpha,26.56851765,19.98697219,2684.026649,28.03346821,22.76015863,2,Zeta Draconis
44.16633131,3.54E-09,25.63720293,alpha,16.08216265,22.66499056,4101.85391,35.72497626,30.24426598,2,Alpha Boreas
44.16633131,3.26E-09,34.82829114,alpha,,,3978.109748,,17.10361415,2,Alpha Hemithea
41.55101265,4.42E-09,33.14696643,alpha,24.28292128,21.69468734,2818.571131,22.29907737,,2,Gamma Saggita
31.10415843,3.00E-09,43.00467433,alpha,16.85918103,31.46478302,4178.867596,22.67903726,24.56947181,2,Alpha Boreas
,4.45E-09,18.84926396,alpha,18.10812005,40.55767108,4528.968755,,22.91380422,2,Alpha Boreas
37.99770812,3.64E-09,20.74894331,alpha,39.66644776,41.47390881,3832.446538,19.43245487,25.48076856,3,Beta Eioneous
30.15832952,,17.49873567,alpha,41.98677339,41.94255153,6237.993588,20.94437109,33.49245168,,Zeta Draconis
